200000 200000
200000 300000
200000 400000
200000 500000
200000 600000
200000 700000
200000 800000
300000 200000
300000 300000
300000 400000
300000 500000
300000 600000
300000 700000
300000 800000
400000 200000
400000 300000
400000 400000
400000 500000
400000 600000
400000 700000
400000 800000
500000 200000
500000 300000
500000 400000
500000 500000
500000 600000
500000 700000
500000 800000
600000 200000
600000 300000
600000 400000
600000 500000
600000 600000
600000 700000
600000 800000
700000 200000
700000 300000
700000 400000
700000 500000
700000 600000
700000 700000
700000 800000
800000 200000
800000 300000
800000 400000
800000 500000
800000 600000
800000 700000
800000 800000
