-0
-0
-0
-0
-0
-0
-0
-0
-0
-0
-0
-0
-0
-0
-0
-0
0
0
0
0
0
0
0
0
0
0
0
0
-0
-0
-0
-0
-0
-0
-0
-0
-0
-0
-0
-0
-0
-0
-0
-0
-0
-0
-0
-0
0
0
0
0
0
0
0
0
0
0
0
0
0
0
0
0
0
0
0
0
0
-0
-0
-0
-0
-0
-0
-0
-0
-0
-0
-0
-0
0
0
0
0
0
0
0
0
0
0
0
0
0
0
0
0
0
0
0
0
0
0
0
0
0
0
0
-0
-0
-0
-0
-0
-0
0
0
0
0
0
0
0
0
0
0
0
0
0
0
0
0
0
0
0
0
0
0
0
0
0
0
1.29677e-05
0.000531852
0.00165378
0.00335517
0.00583395
0.00948045
0.0148446
0.0226154
0.0335421
0.0482212
0.066898
0.0895536
0.11618
0.146779
0.18095
0.21765
0.255545
0.293523
0.330673
0.365937
0.39818
0.426655
0.451077
0.47113
0.48632
0.496569
0.502615
0.505426
0.50545
0.502868
0.498343
0.492784
0.486265
0.477892
0.467132
0.454694
0.441416
0.426611
0.408321
0.385351
0.358468
0.329557
0.300584
0.27216
0.244968
0.220417
0.200517
0.187929
0.186119
0.198724
0.228282
0.275809
0.341957
0.428236
0.536424
0.666536
0.815648
0.978785
1.15047
1.32496
1.49518
1.652
1.78498
1.88351
1.93736
1.93656
1.87175
1.73524
1.52206
1.23039
0.861573
0.420536
-0.0835626
-0.63708
-1.22216
-1.81695
-2.39572
-2.92941
-3.38738
-3.73939
-3.95666
-4.01203
-3.88094
-3.54401
-2.99017
-2.21813
-1.23611
-0.0615437
1.27808
2.74403
4.28665
5.84724
7.36034
8.75565
9.96028
10.9021
11.5134
11.735
11.5182
10.8289
9.64995
7.98457
5.85779
3.31719
0.432624
-2.70507
-5.98645
-9.28685
-12.4704
-15.395
-17.9177
-19.9019
-21.224
-21.7799
-21.4906
-20.307
-18.2145
-15.2356
-11.4323
-6.90534
-1.79291
3.73408
9.4773
15.218
20.7249
25.764
30.1081
33.5477
35.8999
37.0179
36.7996
35.1938
32.2045
27.8927
22.3758
15.8257
8.46305
0.54995
-7.62027
-15.7342
-23.4712
-30.5165
-36.5751
-41.3845
-44.7265
-46.4371
-46.4153
-44.6281
-41.1135
-35.9799
-29.4028
-21.6181
-12.9135
-3.61607
5.92026
15.3292
24.2475
32.3298
39.264
44.7832
48.6776
50.8026
51.0851
49.5258
46.1986
41.2474
34.8796
27.3569
18.9835
10.0929
1.03389
-7.84399
-16.2051
-23.7413
-30.184
-35.314
-38.9698
-41.0529
-41.5302
-40.4331
-37.8544
-33.9425
-28.8942
-22.944
-16.3536
-9.39978
-2.36313
4.48414
10.8892
16.6281
21.5136
25.4008
28.192
29.8378
30.3368
29.7331
28.1121
25.5954
22.333
18.4955
14.2662
9.83245
5.37795
1.07532
-2.9205
-6.47724
-9.48916
-11.8799
-13.6036
-14.6446
-15.0157
-14.7551
-13.9237
-12.6005
-10.8779
-8.85664
-6.64096
-4.33428
-2.0347
0.168801
2.19911
3.99287
5.502
6.69456
7.55468
8.08135
8.28695
8.19562
7.84124
7.26497
6.51257
5.63209
4.67182
3.67815
2.69364
1.75568
0.895824
0.139231
-0.495935
-0.998663
-1.36455
-1.5949
-1.69601
-1.67846
-1.55621
-1.34542
-1.06356
-0.728768
-0.359111
0.0283531
0.418206
0.796729
1.1518
1.4731
1.75245
1.98381
2.16282
2.28661
2.35378
2.36423
2.31891
2.21966
2.06941
1.87234
1.63372
1.35955
1.05675
0.733506
0.399482
0.0655203
-0.256663
-0.554568
-0.815075
-1.02493
-1.17129
-1.24207
-1.2264
-1.11544
-0.90343
-0.588383
-0.172227
0.338948
0.93436
1.59812
2.30937
3.04275
3.76903
4.45585
5.06897
5.57385
5.93696
6.1271
6.11705
5.8856
5.41951
4.7147
3.77702
2.62291
1.27998
-0.213158
-1.80763
-3.4455
-5.06139
-6.58488
-7.94357
-9.06631
-9.88602
-10.3427
-10.3869
-9.98311
-9.11268
-7.77567
-5.99206
-3.80249
-1.26785
1.53199
4.50039
7.52664
10.4898
13.2636
15.7223
17.746
19.2254
20.0676
20.2009
19.5793
18.1861
16.036
13.1762
9.68587
5.67385
1.27537
-3.35234
-8.03531
-12.5896
-16.8294
-20.575
-23.6608
-25.9419
-27.3018
-27.6574
-26.9642
-25.2192
-22.4624
-18.7764
-14.2839
-9.14263
-3.53969
2.31538
8.19845
13.8801
19.1356
23.7545
27.5497
30.3652
32.0831
32.6283
31.9723
30.1341
27.1807
23.2246
18.4182
12.9475
7.02402
0.876385
-5.25882
-11.147
-16.5652
-21.3118
-25.2143
-28.1363
-29.9828
-30.703
-30.2908
-28.7852
-26.2681
-22.8602
-18.7149
-14.0107
-8.94316
-3.71654
1.46469
6.40405
10.9206
14.8558
18.0804
20.4981
22.049
22.7096
22.4918
21.4416
19.6359
17.1784
14.1942
10.823
7.21316
3.5138
-0.130553
-3.58527
-6.72996
-9.4629
-11.7049
-13.4017
-14.5243
-15.0682
-15.0519
-14.5144
-13.5125
-12.1176
-10.4124
-8.48675
-6.43237
-4.3385
-2.28842
-0.357606
1.38823
2.89566
4.12565
5.05396
5.6704
5.97793
5.99174
5.73751
5.24897
4.56579
3.73207
2.79456
1.79978
0.791316
-0.191487
-1.11372
-1.94581
-2.66515
-3.25695
-3.71309
-4.03075
-4.21232
-4.26626
-4.20663
-4.05056
-3.81579
-3.52012
-3.18217
-2.82137
-2.45623
-2.10247
-1.77252
-1.47617
-1.221
-1.01057
-0.847115
-0.731465
-0.661588
-0.633031
-0.639418
-0.673262
-0.726822
-0.792462
-0.862617
-0.930175
-0.989483
-1.03703
-1.07088
-1.08945
-1.09125
-1.07596
-1.04547
-1.00308
-0.951724
-0.893088
-0.828331
-0.759227
-0.688221
-0.61758
-0.548769
-0.482534
-0.419267
-0.359248
-0.302801
-0.250397
-0.202539
-0.159515
-0.121351
-0.0880538
-0.0598061
-0.0368844
-0.0194684
-0.00759593
-0.00122869
-0
-0
-0
-0
-0
-0
-0
-0
-0
-0
-0
-0
-0
-0
-0
-0
-0
-0
-0
-0
-0
-0
-0
-0
-0
-0
-0
-0
-0
-0
-0
-0
-0
-0
-0
-0
-0
-0
-0
-0
-0
-0
-0
-0
-0
-0
-0
-0
-0
-0
-0
-0
-0
-0
-0
-0
-0
-0
-0
-0
-0
-0
-0
-0
-0
-0
-0
-0
-0
-0
-0
-0
-0
-0
-0
-0
-0
-0
-0
-0
-0
-0
-0
-0
-0
-0
-0
-0
-0
-0
-0
-0
-0
-0
-0
-0
-0
-0
-0
-0
-0
-0
-0
-0
-0
-0
-0
-0
-0
-0
-0
-0
-0
-0
-0
-0
-0
-0
-0
-0
-0
-0
-0
-0
-0
-0
-0
-0
-0
-0
-0
-0
-0
-0
-0
-0
-0
-0
-0
-0
-0
-0
-0
-0
-0
-0
-0
-0
-0
-0
-0
-0
-0
-0
-0
-0
-0
-0
-0
-0
-0
-0
-0
-0
-0
-0
-0
-0
-0
-0
