-0
-0
-0
-0
-0
-0
-0
-0
-0
-0
-0
-0
-0
-0
-0
-0
-0
-0
-0
-0
-0
-0
-0
-0
-0
-0
-0
-0
-0
-0
-0
-0
-0
-0
-0
-0
-0
-0
-0
-0
-0
-0
-0
-0
-0
-0
-0
-0
-0
-0
-0
-0
-0
-0
-0
-0
-0
-0
-0
-0
-0
-0
-0
-0
-0
-0
-0
-0
-0
-0
-0
-0
-0
-0
-0
-0
-0
-0
-0
-0
-0
-0
-0
-0
-0
-0
-0
-0
-0
-0
-0
-0
-0
-0
-0
-0
-0
-0
-0
-0
-0
-0
-0
-0
-0
-0
-0
-0
-0
-0
-0
-0
-0
-0
-0
-0
-0
-0
-0
-0
-0
-0
-0
-0
-0
-0
-0
-0
-0
-0
-0
-0
-0
-0
-0
-0
-0
-0
-0
-0
-0
-0
-0
-0
-0
-0
-0
-0
-0
-0
-0.00283362
-0.0149347
-0.036419
-0.0670723
-0.106622
-0.154754
-0.211112
-0.275291
-0.34682
-0.425143
-0.50964
-0.599736
-0.69494
-0.794724
-0.89836
-1.00498
-1.1138
-1.22426
-1.33581
-1.44781
-1.55949
-1.67008
-1.77876
-1.8847
-1.9873
-2.08622
-2.18102
-2.27082
-2.3545
-2.43137
-2.50123
-2.56397
-2.61908
-2.6659
-2.70391
-2.73277
-2.75222
-2.76221
-2.76304
-2.75498
-2.73811
-2.71757
-2.69591
-2.67374
-2.65175
-2.63009
-2.60866
-2.58753
-2.56711
-2.54776
-2.52982
-2.51372
-2.49985
-2.48817
-2.4783
-2.47003
-2.46365
-2.45941
-2.45689
-2.45517
-2.45337
-2.45088
-2.44704
-2.44093
-2.43161
-2.41821
-2.39967
-2.37475
-2.34251
-2.30279
-2.25581
-2.20168
-2.14042
-2.07263
-1.99978
-1.92387
-1.84712
-1.77198
-1.70134
-1.63819
-1.58538
-1.54577
-1.52247
-1.51843
-1.53562
-1.57483
-1.63597
-1.71845
-1.82073
-1.93978
-2.07118
-2.2094
-2.34789
-2.47905
-2.59455
-2.68611
-2.74571
-2.76546
-2.73781
-2.65646
-2.51737
-2.3189
-2.06162
-1.74857
-1.38575
-0.982243
-0.549892
-0.103035
0.341531
0.765025
1.14783
1.47059
1.71468
1.8626
1.899
1.81219
1.59515
1.24585
0.767591
0.169586
-0.532811
-1.31852
-2.16137
-3.03045
-3.89078
-4.70482
-5.43455
-6.04305
-6.49557
-6.76105
-6.81404
-6.63661
-6.21944
-5.5625
-4.67585
-3.58001
-2.3055
-0.8917
0.614153
2.158
3.68082
5.12146
6.41953
7.51772
8.36392
8.91381
9.13339
9.00085
8.50767
7.65961
6.47739
4.99634
3.26486
1.34261
-0.701226
-2.79007
-4.84324
-6.77968
-8.52137
-9.99624
-11.1413
-11.9055
-12.2525
-12.1618
-11.6295
-10.6698
-9.31401
-7.60971
-5.61807
-3.41166
-1.07194
1.31385
3.65677
5.86999
7.8721
9.59021
10.9632
11.9443
12.5024
12.623
12.3086
11.579
10.4701
9.03156
7.32422
5.41792
3.38861
1.31492
-0.725493
-2.65878
-4.41749
-5.94324
-7.18916
-8.12121
-8.71848
-8.97337
-8.89186
-8.49284
-7.80626
-6.87084
-5.73229
-4.44146
-3.05195
-1.6173
-0.188808
1.18597
2.46485
3.61277
4.60284
5.41618
6.04156
6.47545
6.72204
6.79226
6.70195
6.4704
6.11942
5.67221
5.1519
4.58045
3.9782
3.36345
2.75152
2.15395
1.57884
1.03206
0.517973
0.0394291
-0.402116
-0.805871
-1.17088
-1.49555
-1.77708
-2.01068
-2.18932
-2.30472
-2.34857
-2.3128
-2.18893
-1.96808
-1.64252
-1.20756
-0.662573
-0.0113939
0.737585
1.57129
2.47215
3.41804
4.38172
5.33066
6.22846
7.03761
7.72156
8.24524
8.57534
8.68211
8.54218
8.14069
7.47232
6.54193
5.36547
3.9702
2.39393
0.684345
-1.10136
-2.89755
-4.63289
-6.23407
-7.62872
-8.74738
-9.52619
-9.9106
-9.85903
-9.34519
-8.35955
-6.91102
-5.0284
-2.76032
-0.173914
2.64702
5.60394
8.58664
11.4776
14.157
16.5072
18.4169
19.7873
20.5365
20.6045
19.9561
18.5827
16.5051
13.7736
10.4679
6.69373
2.58037
-1.72389
-6.0575
-10.2522
-14.1397
-17.5577
-20.3572
-22.4098
-23.614
-23.8997
-23.2317
-21.6121
-19.0814
-15.7179
-11.6346
-6.97623
-1.91346
3.36348
8.65316
13.7513
18.4583
22.5875
25.9727
28.4766
29.9962
30.4674
29.8672
28.2153
25.5736
22.043
17.7596
12.8893
7.62121
2.15947
-3.28608
-8.50831
-13.3107
-17.515
-20.9689
-23.5522
-25.1812
-25.811
-25.4373
-24.0957
-21.8595
-18.8351
-15.1578
-10.9851
-6.49045
-1.85499
2.74032
7.12183
11.1297
14.6243
17.4913
19.6455
21.0332
21.6326
21.4544
20.5396
18.9567
16.7971
14.1708
11.2012
8.01898
4.75664
1.54276
-1.5027
-4.2729
-6.67814
-8.6486
-10.1359
-11.1133
-11.5761
-11.5401
-11.04
-10.1269
-8.86449
-7.32619
-5.59101
-3.7399
-1.85234
-0.00349882
1.73844
3.31488
4.6787
5.79531
6.64283
7.21183
7.5047
7.53457
7.32399
6.90333
6.30893
5.5808
4.76032
3.88844
3.00425
2.14382
1.33892
0.615899
-0.00498421
-0.509884
-0.891229
-1.14724
-1.28117
-1.30065
-1.21714
-1.04537
-0.802287
-0.50577
-0.173565
0.177344
0.531153
0.873693
1.19282
1.47867
1.72398
1.92425
2.07767
2.18461
2.24695
2.26792
2.25217
2.20553
2.13451
2.04561
1.94511
1.8389
1.73222
1.62952
1.53459
1.45063
1.37997
1.32375
1.28203
1.25436
1.24009
1.23813
1.24686
1.2643
1.28846
1.31738
1.34901
1.38146
1.41327
1.44338
1.47074
1.49422
1.51305
1.52709
1.53539
1.5347
1.5249
1.50657
1.48059
1.44777
1.40879
1.36456
1.31627
1.26493
1.21119
1.15558
1.0988
1.04152
0.984116
0.926741
0.86968
0.813302
0.757756
0.702947
0.64885
0.595672
0.543654
0.492882
0.443388
0.395332
0.348959
0.304479
0.26209
0.222062
0.184712
0.150292
0.118984
0.0909803
0.0665037
0.045742
0.028809
0.0157658
0.00664042
0.0014183
0
0
0
0
0
0
0
0
0
0
0
0
0
0
0
0
0
0
0
0
0
0
0
0
0
0
0
0
0
0
0
0
0
0
0
0
0
0
0
0
0
0
0
0
0
0
0
0
0
0
0
0
0
0
0
0
0
0
0
0
0
0
0
0
0
0
0
0
0
0
0
0
0
0
0
0
0
-0
-0
-0
-0
-0
-0
-0
-0
-0
-0
-0
-0
-0
-0
-0
-0
-0
-0
-0
0
0
0
0
0
0
0
0
-0
-0
-0
-0
-0
-0
-0
-0
-0
-0
-0
-0
-0
-0
-0
-0
-0
-0
-0
-0
-0
-0
-0
-0
-0
-0
-0
-0
-0
-0
-0
-0
-0
-0
-0
-0
-0
-0
-0
-0
-0
-0
-0
-0
-0
-0
-0
-0
-0
-0
-0
-0
-0
-0
-0
-0
-0
-0
-0
