0
0
0
0
0
0
0
0
0
0
0
0
-0
-0
-0
-0
-0
-0
-0
-0
-0
-0
-0
-0
-0
-0
-0
0
0
0
0
0
0
0
0
0
0
0
0
0
0
0
0
0
0
0
-0
-0
-0
-0
-0
-0
-0
-0
-0
-0
-0
-0
-0
0
0
0
0
0
0
0
0
0
0
0
0
0
0
0
0
0
0
0
0
0
0
0
-0
-0
-0
-0
-0
-0
-0
-0
-0
-0
-0
0
0
0
3.04663e-05
0.000467363
0.00166419
0.0038756
0.00728195
0.0120237
0.0182353
0.0260045
0.0352992
0.0459735
0.0578584
0.070813
0.0846645
0.0991211
0.113756
0.128038
0.141338
0.152942
0.162121
0.168222
0.170643
0.168719
0.161726
0.149063
0.130435
0.105844
0.0754821
0.039768
-0.000497466
-0.0441838
-0.0901559
-0.137425
-0.18476
-0.230172
-0.271085
-0.305237
-0.331277
-0.34825
-0.354571
-0.34785
-0.325863
-0.287479
-0.232479
-0.160717
-0.0718757
0.0339087
0.155426
0.290441
0.436042
0.58861
0.743676
0.896978
1.0431
1.17581
1.28821
1.37291
1.42239
1.4294
1.38706
1.28908
1.13044
0.908264
0.622358
0.27529
-0.127614
-0.577984
-1.06396
-1.57004
-2.0773
-2.56399
-3.00624
-3.37891
-3.65656
-3.8146
-3.83058
-3.68549
-3.36496
-2.86046
-2.17069
-1.30292
-0.273834
0.890549
2.15558
3.47863
4.80953
6.09149
7.26309
8.26128
9.02434
9.49484
9.62233
9.36637
8.69924
7.60846
6.09879
4.19396
1.93762
-0.606919
-3.35823
-6.21909
-9.07938
-11.8197
-14.3156
-16.443
-18.0836
-19.1309
-19.4959
-19.1124
-17.9417
-15.975
-13.2367
-9.78552
-5.7145
-1.14885
3.75753
8.82711
13.865
18.6664
23.0253
26.7426
29.6356
31.5462
32.3492
31.9598
30.3383
27.494
23.4871
18.4281
12.475
5.82852
-1.27492
-8.57205
-15.7828
-22.622
-28.8106
-34.0885
-38.2251
-41.0304
-42.3638
-42.1415
-40.3403
-37
-32.2233
-26.1722
-19.0625
-11.155
-2.74555
5.84697
14.294
22.271
29.4705
35.6145
40.4669
43.8425
45.6157
45.7248
44.1747
41.0358
36.4414
30.5808
23.6915
16.0492
7.95553
-0.274125
-8.32447
-15.8932
-22.7029
-28.5121
-33.1238
-36.3934
-38.2326
-38.612
-37.5605
-35.1628
-31.5539
-26.9121
-21.45
-15.4047
-9.02777
-2.57403
3.70911
9.59131
14.8679
19.3673
22.9564
25.5445
27.0846
27.5731
27.0484
25.5866
23.2968
20.3143
16.7936
12.9017
8.80993
4.68698
0.691843
-3.03182
-6.36057
-9.19509
-11.4627
-13.118
-14.1433
-14.5467
-14.3608
-13.6391
-12.4523
-10.8837
-9.02501
-6.97214
-4.82053
-2.66139
-0.578461
1.3547
3.07709
4.5419
5.71713
6.58518
7.14224
7.39733
7.37086
7.09254
6.59915
5.93246
5.13704
4.25792
3.33854
2.41922
1.53613
0.720195
-0.00391811
-0.61832
-1.11169
-1.47878
-1.72005
-1.84109
-1.85178
-1.7652
-1.59686
-1.36391
-1.08413
-0.774801
-0.451908
-0.129977
0.178097
0.46154
0.712178
0.924464
1.09517
1.2232
1.30943
1.35644
1.36784
1.3481
1.30246
1.23684
1.15718
1.06883
0.976441
0.884267
0.796128
0.715118
0.643442
0.582563
0.5333
0.49572
0.469188
0.452775
0.445604
0.446675
0.454504
0.467219
0.483097
0.500875
0.519548
0.538117
0.555663
0.571509
0.58512
0.595985
0.603824
0.608842
0.611528
0.612133
0.610534
0.606684
0.600991
0.594103
0.586466
0.578256
0.569599
0.560624
0.551343
0.541748
0.532085
0.522782
0.513977
0.5053
0.496306
0.487019
0.477848
0.469059
0.460549
0.452118
0.4437
0.435292
0.426907
0.418762
0.411287
0.404726
0.398825
0.393162
0.387758
0.383119
0.379641
0.377198
0.375363
0.373834
0.372472
0.371147
0.369769
0.368356
0.36678
0.364455
0.360561
0.354696
0.347087
0.338055
0.327448
0.314785
0.299825
0.282794
0.264179
0.244572
0.224717
0.205396
0.187151
0.170345
0.15568
0.144476
0.138171
0.137593
0.142878
0.154027
0.171265
0.194789
0.224409
0.259474
0.298892
0.34099
0.383525
0.424151
0.460844
0.491696
0.514319
0.525776
0.523273
0.504849
0.469409
0.416434
0.345953
0.258752
0.156447
0.0414721
-0.0826722
-0.211111
-0.337839
-0.456507
-0.560951
-0.645006
-0.702188
-0.726016
-0.71084
-0.652464
-0.548363
-0.39789
-0.202575
0.0338016
0.305426
0.604464
0.920677
1.24127
1.55155
1.83609
2.07938
2.26613
2.38161
2.41257
2.34825
2.18113
1.90755
1.52851
1.05014
0.483547
-0.155586
-0.847137
-1.56641
-2.28462
-2.97037
-3.5912
-4.11495
-4.51074
-4.75053
-4.81077
-4.67376
-4.32881
-3.77334
-3.01401
-2.06715
-0.95815
0.27922
1.60338
2.96568
4.3121
5.58581
6.72963
7.68824
8.41051
8.85218
8.97827
8.76494
8.201
7.28936
6.04799
4.50973
2.72109
0.74084
-1.36149
-3.50776
-5.61447
-7.59643
-9.37027
-10.8578
-11.9896
-12.7086
-12.9726
-12.7565
-12.0537
-10.8774
-9.26091
-7.2562
-4.93208
-2.37171
0.330259
3.07135
5.74567
8.24833
10.4796
12.3489
13.7796
14.7117
15.1049
14.9396
14.2186
12.9671
11.2316
9.07805
6.58875
3.85941
0.995319
-1.89342
-4.69671
-7.30887
-9.63258
-11.5828
-13.0905
-14.1051
-14.5965
-14.5557
-13.9952
-12.9479
-11.4652
-9.61415
-7.47454
-5.13594
-2.69367
-0.244343
2.11841
4.30756
6.24579
7.86841
9.12554
9.98348
10.4254
10.4516
10.0794
9.34142
8.28283
6.95893
5.43271
3.77238
2.0482
0.32917
-1.3198
-2.84026
-4.18235
-5.30636
-6.1836
-6.79662
-7.1393
-7.21696
-7.04563
-6.65026
-6.06246
-5.31883
-4.45953
-3.52674
-2.56262
-1.60734
-0.697479
0.135358
0.865626
1.47423
1.94819
2.28027
2.46926
2.52028
2.44422
2.25615
1.97366
1.61587
1.20278
0.754611
0.291003
-0.169546
-0.610391
-1.0177
-1.38118
-1.6939
-1.95142
-2.15126
-2.29332
-2.3803
-2.4173
-2.41073
-2.36745
-2.2944
-2.19847
-2.08635
-1.96458
-1.83968
-1.71774
-1.60348
-1.4997
-1.40776
-1.32879
-1.26405
-1.21449
-1.18016
-1.16035
-1.15318
-1.15647
-1.16928
-1.19071
-1.2199
-1.25567
-1.29604
-1.33843
-1.38046
-1.4205
-1.45729
-1.4893
-1.51466
-1.53172
-1.53936
-1.53683
-1.5235
-1.49904
-1.46373
-1.4183
-1.36356
-1.30022
-1.22915
-1.15181
-1.07018
-0.986352
-0.901983
-0.81829
-0.736352
-0.65739
-0.582649
-0.513038
-0.448949
-0.39043
-0.337416
-0.289776
-0.247212
-0.209258
-0.175421
-0.14528
-0.118467
-0.0946401
-0.0735227
-0.0549587
-0.0389125
-0.0254359
-0.0146447
-0.00669695
-0.00176227
-2.25902e-06
-0
-0
-0
-0
-0
-0
-0
-0
-0
-0
-0
-0
-0
-0
-0
-0
-0
-0
-0
-0
-0
-0
-0
-0
-0
-0
-0
-0
-0
-0
-0
-0
-0
-0
-0
-0
-0
-0
-0
-0
-0
-0
-0
-0
-0
-0
-0
-0
-0
-0
-0
-0
-0
-0
-0
-0
-0
-0
-0
-0
-0
-0
-0
-0
-0
-0
-0
-0
-0
-0
-0
-0
-0
-0
-0
-0
-0
-0
-0
-0
-0
-0
-0
-0
-0
-0
-0
-0
-0
-0
-0
-0
-0
-0
-0
-0
-0
-0
0
0
0
0
0
