-0
-0
-0
-0
-0
-0
-0
-0
-0
-0
-0
-0
-0
-0
-0
-0
-0
-0
-0
-0
-0
-0
-0
-0
-0
-0
-0
-0
-0
-0
-0
-0
-0
-0
-0
-0
-0
-0
-0
-0
-0
-0
-0
-0
-0
-0
-0
-0
-0
-0
-0
-0
-0
-0
-0
-0
-0
-0
-0
-0
-0
-0
-0
-0
0
0
0
0
0
0
0
0
0
0
0
0
0
0
0
0
0
0
0
0
0
0
0
0
0
0
0
0
0
0
0
0
0
0
0
0
0
0
0
0
0
0
0
0
0
0
0
0
0
0
0
0
0
0
0
0
0
0
0
0
0
0
0
0
0
0
0
0
0
0
0
0
0
0
0
0
0
0
0
0
0
0
0
0
0
0
0
0
0
0
0
0
0
0
0
0
0
0
0
0
0
0
0
0
0
0
0
0
0
0
0
0
0
0
0
0
0
0
0
0
0
0
0
0
0
0
0
0
0
0
0
0
0
0
0
0
0
0
0
0.00017664
0.0031334
0.00978573
0.0201272
0.0340952
0.0516206
0.072632
0.0970328
0.124611
0.154875
0.187054
0.220461
0.254786
0.289704
0.324106
0.356026
0.383496
0.405283
0.42066
0.42883
0.428867
0.419902
0.401107
0.372045
0.333834
0.289858
0.244543
0.201307
0.162378
0.130853
0.11209
0.112404
0.136682
0.187491
0.266322
0.373859
0.509434
0.6715
0.858073
1.06587
1.28842
1.51561
1.73574
1.93792
2.11183
2.24581
2.32634
2.33985
2.27488
2.12277
1.87767
1.53722
1.10354
0.583115
-0.0135661
-0.67134
-1.36886
-2.07857
-2.76885
-3.40633
-3.95645
-4.38309
-4.64997
-4.72379
-4.57696
-4.18879
-3.54625
-2.64585
-1.49603
-0.118174
1.45378
3.17394
4.98466
6.81736
8.59496
10.235
11.6524
12.7625
13.4854
13.751
13.5038
12.7049
11.335
9.39654
6.91833
3.95685
0.595046
-3.06063
-6.88307
-10.7272
-14.4344
-17.8385
-20.7736
-23.0811
-24.6175
-25.2617
-24.9228
-23.545
-21.1119
-17.6502
-13.2322
-7.97643
-2.04439
4.36511
11.0224
17.6739
24.051
29.8822
34.9052
38.8784
41.5916
42.8758
42.6137
40.7477
37.2841
32.295
25.9174
18.3507
9.85056
0.719734
-8.70304
-18.0563
-26.9704
-35.0839
-42.0585
-47.5937
-51.44
-53.4102
-53.3897
-51.3423
-47.3139
-41.4306
-33.8948
-24.9776
-15.0082
-4.3614
6.55803
17.3317
27.5454
36.8066
44.7604
51.1044
55.6011
58.0871
58.4799
56.7806
53.0728
47.5197
40.3556
31.8751
22.4197
12.363
2.09585
-7.99058
-17.5208
-26.1504
-33.5792
-39.5622
-43.9179
-46.5343
-47.37
-46.454
-43.882
-39.8101
-34.4459
-28.0375
-20.8617
-13.2112
-5.38295
2.33479
9.67328
16.3929
22.2907
27.2065
31.026
33.6827
35.1557
35.4678
34.6811
32.8912
30.2206
26.8109
22.8158
18.3944
13.7049
8.89861
4.11562
-0.518324
-4.89413
-8.92051
-12.5238
-15.6467
-18.2463
-20.2929
-21.7677
-22.661
-22.9699
-22.6972
-21.8505
-20.4424
-18.4911
-16.0213
-13.066
-9.6686
-5.88375
-1.77897
2.56402
7.04847
11.5631
15.9839
20.1768
24.001
27.3138
29.976
31.8578
32.8453
32.8468
31.7992
29.6741
26.4814
22.2721
17.1392
11.2182
4.68374
-2.25466
-9.35946
-16.3733
-23.0286
-29.0586
-34.2091
-38.2487
-40.9805
-42.251
-41.9601
-40.0667
-36.593
-31.625
-25.3113
-17.8594
-9.52804
-0.618341
8.53824
17.5927
26.1929
33.999
40.6978
46.016
49.7313
51.6834
51.7811
50.0075
46.4209
41.1524
34.4009
26.4251
17.5322
8.0658
-1.60842
-11.1178
-20.0986
-28.2113
-35.1551
-40.6792
-44.5923
-46.7695
-47.1568
-45.7731
-42.7079
-38.1164
-32.2105
-25.2492
-17.5267
-9.36029
-1.07626
7.00388
14.5768
21.3693
27.1481
31.729
34.9825
36.8362
37.2756
36.3432
34.1349
30.7933
26.4987
21.4602
15.907
10.0783
4.21179
-1.46779
-6.75614
-11.4743
-15.4744
-18.6457
-20.9197
-22.2694
-22.7053
-22.2713
-21.0428
-19.1225
-16.6348
-13.7183
-10.5186
-7.18215
-3.84923
-0.647818
2.30945
4.9267
7.1273
8.85802
10.0917
10.825
11.0737
10.8693
10.2579
9.29977
8.06501
6.62784
5.06261
3.44179
1.83384
0.29996
-1.10858
-2.35103
-3.3967
-4.22542
-4.82838
-5.20771
-5.37423
-5.34562
-5.14573
-4.80364
-4.35108
-3.81935
-3.23836
-2.63733
-2.0447
-1.48563
-0.979458
-0.539449
-0.17458
0.109319
0.309872
0.428484
0.469739
0.440853
0.351823
0.214938
0.0425743
-0.155027
-0.369425
-0.59164
-0.811247
-1.01855
-1.20724
-1.3745
-1.5189
-1.63916
-1.73454
-1.80533
-1.85255
-1.87799
-1.8851
-1.8789
-1.86338
-1.83459
-1.79156
-1.73669
-1.67467
-1.61009
-1.54502
-1.4795
-1.41333
-1.34682
-1.28028
-1.21399
-1.14841
-1.08369
-1.01883
-0.952154
-0.882966
-0.812188
-0.741165
-0.670339
-0.59942
-0.528443
-0.45819
-0.38977
-0.324219
-0.262482
-0.205423
-0.15378
-0.108255
-0.0696608
-0.0388707
-0.0166335
-0.00354156
-0
-0
-0
-0
-0
-0
-0
-0
-0
-0
-0
-0
-0
-0
-0
-0
-0
-0
-0
-0
-0
-0
-0
-0
-0
-0
-0
-0
-0
-0
-0
-0
-0
-0
-0
-0
-0
-0
-0
-0
-0
-0
-0
-0
-0
-0
-0
-0
-0
-0
-0
-0
-0
-0
-0
-0
-0
-0
-0
-0
-0
-0
-0
-0
-0
-0
-0
-0
-0
-0
-0
-0
-0
-0
-0
-0
-0
-0
-0
-0
-0
-0
-0
-0
-0
-0
-0
-0
-0
-0
-0
-0
-0
-0
-0
-0
-0
-0
-0
-0
-0
-0
-0
-0
-0
-0
-0
-0
-0
-0
-0
-0
-0
-0
-0
-0
-0
-0
-0
-0
-0
-0
-0
-0
-0
-0
-0
-0
-0
-0
-0
-0
-0
-0
-0
-0
-0
-0
-0
-0
-0
-0
-0
-0
-0
-0
-0
-0
-0
-0
-0
-0
-0
-0
-0
-0
-0
-0
-0
-0
-0
-0
-0
-0
-0
-0
-0
-0
-0
-0
-0
-0
-0
-0
-0
-0
-0
-0
-0
-0
-0
-0
-0
-0
-0
-0
-0
-0
-0
-0
-0
-0
-0
-0
-0
-0
-0
-0
