54.6897
43.2049
27.6564
9.2325
-10.5991
-30.2508
-48.1638
-62.9651
-73.5991
-79.4278
-80.2832
-76.4602
-68.6484
-57.8257
-45.1406
-31.7964
-18.9415
-7.5667
1.57697
8.02632
11.6149
12.4522
10.8844
7.43857
2.75091
-2.51736
-7.75934
-12.4821
-16.3414
-19.1558
-20.9046
-21.7096
-21.7936
-21.4225
-20.8377
-20.1947
-19.518
-18.6797
-17.4057
-15.3115
-11.9603
-6.938
0.0651482
9.17484
20.2671
32.9321
46.4799
59.9886
72.3851
82.5468
89.4143
92.1056
90.022
82.9258
70.979
54.7358
35.0943
13.2121
-9.60181
-32.0063
-52.7408
-70.7186
-85.0992
-95.3396
-101.219
-102.826
-100.509
-94.805
-86.3673
-75.9172
-64.1983
-51.9304
-39.7601
-28.2253
-17.7413
-8.60426
-0.993796
5.02966
9.524
12.6513
14.6549
15.8374
16.5428
17.1287
17.9234
19.1806
21.0526
23.5895
26.749
30.3959
34.2963
38.1281
41.5234
44.1279
45.6482
45.8705
44.6624
41.9802
37.8835
32.5409
26.2076
19.1839
11.7734
4.26078
-3.09392
-10.0575
-16.4322
-22.0663
-26.8583
-30.7512
-33.7205
-35.7654
-36.9063
-37.1842
-36.6586
-35.3982
-33.4703
-30.9361
-27.8574
-24.3108
-20.3954
-16.2281
-11.9321
-7.62904
-3.44471
0.481192
3.99073
6.91414
9.08097
10.3291
10.5131
9.51819
7.28085
3.80937
-0.804356
-6.38163
-12.6574
-19.2838
-25.843
-31.8773
-36.9309
-40.5953
-42.5463
-42.5729
-40.5974
-36.6862
-31.0454
-24.0003
-15.9657
-7.41357
1.16017
9.26912
16.4703
22.3911
26.7449
29.3383
30.0763
28.9683
26.1312
21.7851
16.2456
9.91725
3.28869
-3.07974
-8.5857
-12.6323
-14.6844
-14.3238
-11.2986
-5.56407
2.69199
13.0479
24.8754
37.3907
49.7206
60.9744
70.3199
77.0568
80.6806
80.9271
77.79
71.5128
62.5558
51.5441
39.2044
26.2982
13.5613
1.64961
-8.90453
-17.7246
-24.6031
-29.4948
-32.4922
-33.7926
-33.6619
-32.397
-30.2898
-27.5986
-24.5321
-21.2457
-17.8411
-14.3669
-10.824
-7.18057
-3.39803
0.545074
4.63811
8.83145
13.0298
17.0844
20.794
23.9218
26.2263
27.4917
27.5481
26.2856
23.6669
19.742
14.6527
8.62344
1.93899
-5.0775
-12.0836
-18.736
-24.7117
-29.7295
-33.5626
-36.0438
-37.0675
-36.5951
-34.663
-31.3857
-26.9514
-21.6155
-15.6941
-9.55388
-3.59288
1.78968
6.22663
9.4107
11.1148
11.2068
9.66002
6.55539
2.07541
-3.50817
-9.84771
-16.5344
-23.1188
-29.1387
-34.1507
-37.7596
-39.6476
-39.609
-37.5893
-33.7195
-28.3304
-21.9415
-15.226
-8.95597
-3.92663
-0.860967
-0.304325
-2.52953
-7.47127
-14.6987
-23.4274
-32.5732
-40.851
-46.9147
-49.5202
-47.6806
-40.7909
-28.7098
-11.7952
9.10865
32.738
57.5255
81.7515
103.709
121.859
134.971
142.219
143.246
138.172
127.562
112.352
93.7443
73.0944
51.7806
31.0933
12.1431
-4.20523
-17.3735
-27.0851
-33.3496
-36.418
-36.7179
-34.7844
-31.2
-26.5416
-21.3357
-16.023
-10.9428
-6.33985
-2.38611
0.796539
3.11832
4.50655
4.89128
4.19718
2.35029
-0.699647
-4.95172
-10.3329
-16.6872
-23.771
-31.2538
-38.7279
-45.7347
-51.8026
-56.4885
-59.4168
-60.3122
-59.0288
-55.5683
-50.0811
-42.8484
-34.2558
-24.7644
-14.8808
-5.12048
4.03432
12.1731
18.9796
24.2382
27.8331
29.7479
30.062
28.9378
26.5986
23.3052
19.3395
14.9922
10.5494
6.27504
2.39448
-0.912942
-3.51487
-5.32639
-6.3133
-6.49427
-5.93655
-4.74632
-3.05844
-1.02844
1.17667
3.39145
5.46589
7.27386
8.71422
9.71011
10.2123
10.2052
9.70796
8.76901
7.45584
5.84944
4.0435
2.14397
0.26406
-1.48387
-2.99552
-4.17961
-4.9635
-5.3006
-5.17663
-4.61025
-3.64844
-2.36113
-0.837946
0.815142
2.48337
4.0547
5.43049
6.53137
7.29915
7.69774
7.71332
7.35145
6.63131
5.58142
4.24063
2.66155
0.909985
-0.942378
-2.82566
-4.67236
-6.41085
-7.96106
-9.23975
-10.1728
-10.7048
-10.7995
-10.4376
-9.61753
-8.36255
-6.72563
-4.78687
-2.64468
-0.408049
1.80691
3.87994
5.69402
7.146
8.15522
8.66674
8.65223
8.11247
7.08076
5.62251
3.82873
1.80667
-0.327363
-2.4526
-4.44997
-6.21208
-7.65365
-8.71719
-9.37277
-9.61601
-9.46757
-8.97248
-8.19534
-7.21101
-6.09567
-4.9224
-3.75963
-2.66723
-1.68868
-0.844285
-0.131565
0.467258
0.976675
1.42362
1.83641
2.24184
2.65851
3.08999
3.52268
3.929
4.27212
4.50985
4.59925
4.5041
4.20381
3.69869
3.00892
2.16979
1.22809
0.24096
-0.726514
-1.60863
-2.34942
-2.91018
-3.27053
-3.42524
-3.3817
-3.16012
-2.79335
-2.32303
-1.79276
-1.24246
-0.706348
-0.2134
0.213135
0.557634
0.813051
0.979011
1.05853
1.0565
0.980871
0.843686
0.659437
0.441325
0.199196
-0.0587268
-0.322485
-0.57946
-0.81709
-1.02601
-1.19961
-1.33006
-1.40478
-1.4074
-1.32223
-1.13804
-0.847861
-0.446119
0.0727859
0.712092
1.46819
2.32777
3.26824
4.25975
5.26599
6.24309
7.13868
7.89327
8.44419
8.73024
8.69529
8.29122
7.48158
6.24699
4.5911
2.54519
0.169743
-2.44682
-5.19157
-7.93219
-10.5241
-12.8198
-14.6806
-15.988
-16.6552
-16.6351
-15.9253
-14.5694
-12.6538
-10.3003
-7.65558
-4.87802
-2.12457
0.461423
2.76014
4.68223
6.1726
7.21087
7.80873
8.00472
7.85721
7.43662
6.81775
6.07313
5.26784
4.45614
3.6799
2.96855
2.34016
1.8031
1.35808
1.00009
0.720284
0.50762
0.350259
0.236687
0.156518
0.100984
0.0631109
0.0376514
0.0208341
0.0100324
0.00343005
-0.000256779
-0.00197313
-0.00243829
-0.00219939
-0.00165361
-0.00106204
-0.000568596
-0.00022678
-3.08928e-05
5.45409e-05
7.20684e-05
5.75555e-05
3.47426e-05
1.56532e-05
3.92156e-06
-1.35053e-06
-2.5902e-06
-2.03168e-06
-1.08683e-06
-3.76124e-07
-1.63217e-08
9.21117e-08
8.1765e-08
4.2339e-08
1.26249e-08
-7.68908e-10
-3.59519e-09
-2.42395e-09
-8.9771e-10
-8.8602e-11
1.27037e-10
9.76844e-11
3.52183e-11
2.77615e-12
-4.60421e-12
-2.95429e-12
-7.92021e-13
6.05537e-14
1.44961e-13
5.71978e-14
5.34156e-15
-5.07082e-15
-2.61442e-15
-3.79705e-16
1.51871e-16
8.80637e-17
1.19876e-17
-4.62448e-18
-2.21868e-18
-1.57922e-19
1.30829e-19
3.61453e-20
-2.19461e-21
-2.45195e-21
-1.87534e-22
1.01635e-22
1.62721e-23
-3.20191e-24
-6.76591e-25
9.819e-26
1.66476e-26
-3.11789e-27
-1.08334e-28
6.3414e-29
-6.63562e-30
3.51609e-31
-1.05784e-32
1.79985e-34
-1.6292e-36
7.01584e-39
-1.02459e-41
1.01933e-45
0
0
0
0
0
0
0
0
0
0
0
0
0
0
