40.1582
13.5277
-15.1839
-44.1364
-71.4867
-95.549
-114.943
-128.709
-136.37
-137.944
-133.896
-125.044
-112.428
-97.1732
-80.3532
-62.8874
-45.4636
-28.5009
-12.1573
3.61424
18.9749
34.0931
49.0457
63.7432
77.8877
90.9712
102.318
111.16
116.738
118.401
115.705
108.488
96.9196
81.5083
63.066
42.6337
21.3865
0.529824
-18.8089
-35.6793
-49.3832
-59.5134
-65.9564
-68.8702
-68.6467
-65.857
-61.175
-55.2938
-48.8526
-42.392
-36.3311
-30.953
-26.394
-22.6469
-19.5881
-17.0223
-14.7234
-12.4637
-10.0352
-7.27601
-4.09741
-0.495575
3.46124
7.66015
11.966
16.2309
20.3009
24.0313
27.3062
30.0494
32.2179
33.7863
34.7375
35.0612
34.7526
33.8052
32.2009
29.9075
26.8879
23.1156
18.5884
13.3398
7.44803
1.04455
-5.68393
-12.5018
-19.1394
-25.3139
-30.753
-35.2178
-38.5202
-40.53
-41.1766
-40.4529
-38.4215
-35.2169
-31.0311
-26.0868
-20.6128
-14.8356
-8.98426
-3.29292
2.00859
6.70982
10.6251
13.5863
15.4352
16.0299
15.266
13.0987
9.55654
4.74953
-1.12362
-7.76835
-14.7986
-21.7604
-28.1735
-33.5777
-37.5766
-39.8723
-40.2916
-38.8027
-35.5212
-30.7084
-24.7592
-18.1767
-11.5339
-5.42485
-0.418943
2.97671
4.3518
3.43462
0.141089
-5.3841
-12.7507
-21.3335
-30.3023
-38.6657
-45.3408
-49.2566
-49.4829
-45.3539
-36.5569
-23.1812
-5.73685
14.8535
37.3044
60.0772
81.5401
100.146
114.587
123.914
127.614
125.655
118.484
106.957
92.2234
75.5823
58.3411
41.6929
26.614
13.7882
3.5681
-4.01841
-9.2198
-12.4856
-14.3777
-15.4793
-16.3123
-17.2753
-18.6118
-20.4066
-22.5981
-25.003
-27.3523
-29.3436
-30.6987
-31.2103
-30.7641
-29.3415
-27.0144
-23.9405
-20.3523
-16.5332
-12.7814
-9.37606
-6.55342
-4.49522
-3.32139
-3.08441
-3.76757
-5.28888
-7.50799
-10.2325
-13.2258
-16.2213
-18.9455
-21.1429
-22.5939
-23.1234
-22.6076
-20.9827
-18.2544
-14.4997
-9.8601
-4.52784
1.26688
7.26922
13.2158
18.8547
23.9629
28.3555
31.887
34.449
35.9705
36.4184
35.7963
34.1387
31.5058
27.9804
23.6675
18.6931
13.2023
7.35666
1.33414
-4.67494
-10.4765
-15.8872
-20.7495
-24.9427
-28.389
-31.0564
-32.9584
-34.1497
-34.7167
-34.7619
-34.3878
-33.6808
-32.6973
-31.454
-29.9246
-28.0449
-25.7264
-22.8714
-19.3889
-15.2088
-10.2984
-4.67654
1.57809
8.32926
15.3943
22.5582
29.5862
36.2345
42.2614
47.4407
51.5735
54.4971
56.0918
56.2845
55.0538
52.4318
48.5046
43.4114
37.344
30.5457
23.3059
15.9468
8.80461
2.21004
-3.53132
-8.15766
-11.4714
-13.3593
-13.8079
-12.9086
-10.8519
-7.9118
-4.42247
-0.748141
2.75056
5.74842
7.98015
9.2561
9.47151
8.61107
6.7463
4.02162
0.629327
-3.2191
-7.31607
-11.4708
-15.515
-19.3063
-22.7304
-25.699
-28.1409
-29.992
-31.1881
-31.667
-31.3754
-30.279
-28.3709
-25.681
-22.2837
-18.3033
-13.9109
-9.31422
-4.74221
-0.427638
3.41068
6.58558
8.95751
10.4455
11.0305
10.7523
9.70029
8.00235
5.80968
3.28139
0.571248
-2.18028
-4.8493
-7.33043
-9.53956
-11.4155
-12.9174
-14.0177
-14.6953
-14.9336
-14.7227
-14.0603
-12.9509
-11.4018
-9.42423
-7.03709
-4.2721
-1.175
2.19585
5.7694
9.45867
13.1578
16.7438
20.084
23.0437
25.4912
27.3016
28.3638
28.5917
27.937
26.3953
24.0079
20.8604
17.0814
12.8379
8.32541
3.7528
-0.672318
-4.75432
-8.31834
-11.2216
-13.367
-14.714
-15.2782
-15.1232
-14.3491
-13.084
-11.4775
-9.69006
-7.87791
-6.17738
-4.69512
-3.50504
-2.64804
-2.13174
-1.93181
-1.99808
-2.26475
-2.65949
-3.10836
-3.53867
-3.88469
-4.09683
-4.14859
-4.03597
-3.77057
-3.37377
-2.8768
-2.3239
-1.77108
-1.27746
-0.894154
-0.65795
-0.591587
-0.705615
-0.996766
-1.44373
-2.00567
-2.62656
-3.24265
-3.78833
-4.19903
-4.41471
-4.38643
-4.0841
-3.50059
-2.64994
-1.56273
-0.283158
1.13129
2.61083
4.07793
5.45469
6.66923
7.659
8.37211
8.76911
8.82537
8.53233
7.89621
6.93613
5.6836
4.18358
2.49455
0.685158
-1.17113
-3.00041
-4.72984
-6.28788
-7.60628
-8.62476
-9.29609
-9.58886
-9.48761
-8.99221
-8.11806
-6.89631
-5.37226
-3.60176
-1.64705
0.425781
2.54809
4.65032
6.66527
8.53212
10.1989
11.6222
12.7656
13.5983
14.0949
14.2363
14.0105
13.4113
12.4379
11.093
9.38361
7.32197
4.92979
2.24284
-0.684992
-3.78018
-6.95082
-10.0888
-13.0716
-15.7644
-18.0253
-19.7163
-20.7188
-20.9496
-20.3716
-18.9983
-16.8939
-14.1697
-10.979
-7.50787
-3.9593
-0.53466
2.58541
5.25605
7.37802
8.90286
9.83378
10.2218
10.1563
9.75197
9.13341
8.42258
7.72815
7.13689
6.70615
6.45876
6.38269
6.4367
6.56013
6.68321
6.73508
6.64976
6.37223
5.8658
5.11934
4.1507
3.00386
1.74074
0.431447
-0.853313
-2.04669
-3.08881
-3.93085
-4.54053
-4.90655
-5.03934
-4.96685
-4.72728
-4.36194
-3.91081
-3.41098
-2.89631
-2.39652
-1.93522
-1.5278
-1.18082
-0.893513
-0.660702
-0.475838
-0.332744
-0.225871
-0.14967
-0.0980497
-0.064509
-0.0429112
-0.0283841
-0.017822
-0.00976536
-0.00381575
5.75069e-05
0.00200425
0.00245069
0.00199721
0.00121949
0.00051605
6.39795e-05
-0.00013317
-0.000159029
-0.000108991
-4.93536e-05
-9.45966e-06
7.51316e-06
9.72368e-06
6.17116e-06
2.34934e-06
1.60325e-07
-5.35473e-07
-4.7139e-07
-2.24014e-07
-4.77428e-08
2.13876e-08
2.74688e-08
1.44685e-08
3.65214e-09
-8.20248e-10
-1.36523e-09
-7.14855e-10
-1.67736e-10
4.2883e-11
6.00186e-11
2.74458e-11
4.54493e-12
-2.51993e-12
-2.22612e-12
-7.63777e-13
-2.19834e-14
1.16331e-13
6.2085e-14
1.20122e-14
-3.81826e-15
-3.56445e-15
-1.05185e-15
4.19827e-17
1.61637e-16
6.09483e-17
3.50739e-18
-6.24057e-18
-2.74794e-18
-2.5943e-19
2.20321e-19
1.01753e-19
9.38334e-21
-7.45779e-21
-3.11088e-21
-1.69588e-22
2.36934e-22
7.49374e-23
-1.81586e-24
-6.42422e-24
-1.22968e-24
2.26657e-25
1.28246e-25
6.84555e-27
-7.07551e-27
-1.42569e-27
2.21319e-28
1.02398e-28
-1.11175e-30
-5.01219e-30
-2.98564e-31
1.95112e-31
1.93356e-32
-6.67588e-33
-7.03628e-34
2.13895e-34
1.47764e-35
-6.17861e-36
1.06427e-38
1.30384e-37
-1.22655e-38
-8.37715e-40
2.87757e-40
-3.14375e-41
2.05206e-42
-8.95235e-44
2.69544e-45
-5.60998e-47
7.9332e-49
-7.36666e-51
4.25424e-53
-1.40723e-55
2.32736e-58
-1.5984e-61
1.98793e-65
-7.11038e-70
0
0
0
0
0
0
0
0
0
0
0
0
0
0
0
0
0
0
0
0
