-0
-0
-0
-0
-0
-0
-0
-0
-0
-0
-0
-0
0
0
0
0
0
-0
-0
-0
-0
-0
-0
-0
-0
-0
-0
-0
-0
-0
-0
-0
-0
-0
-0
-0
-0
-0
-0
-0
-0
-0
-0
0
0
0
0
0
0
0
0
0
-0
-0
-0
-0
-0
-0
-0
-0
-0
-0
-0
-0
-0
-0
-0
-0
-0
-0
-0
-0
-0
-0
0
0
0
0
0
0
0
0
0
0
0
0
0
0
0
0
-0
-0
-0
-0
-0
-0
-0
-0
-0
-0
-0
-0
-0
0
0
0
0
0
0
0
0
0
0
0
0
0
0
0
0
0
0
0
0
0
0
0
0
0
0
0
0
0
0
0
0
0
0
0
0
0
0
0
0
0
0
0
0
0
0
0.000136794
0.00231558
0.00713684
0.0144902
0.0241494
0.035766
0.0488776
0.0629379
0.0773581
0.091558
0.105041
0.117484
0.128795
0.139132
0.148939
0.159052
0.170835
0.186199
0.207446
0.237049
0.277508
0.331269
0.400581
0.487244
0.592341
0.715953
0.85674
1.01151
1.17519
1.34129
1.5024
1.65017
1.77484
1.86558
1.91171
1.90417
1.83635
1.70409
1.50598
1.24394
0.925516
0.559636
0.156561
-0.26987
-0.702707
-1.12294
-1.5104
-1.84381
-2.1008
-2.2588
-2.29712
-2.19886
-1.95183
-1.54877
-0.987992
-0.274497
0.57896
1.55153
2.61446
3.73158
4.86039
5.95352
6.9604
7.82885
8.50694
8.94557
9.10142
8.9398
8.43677
7.58091
6.3749
4.83694
3.00139
0.918745
-1.34523
-3.71121
-6.08878
-8.37966
-10.4814
-12.2915
-13.712
-14.654
-15.0423
-14.8197
-13.9509
-12.4262
-10.2628
-7.50585
-4.22818
-0.528911
3.46855
7.62047
11.7684
15.7453
19.3824
22.516
24.9947
26.6865
27.4855
27.3175
26.1454
23.9721
20.8419
16.8398
12.0897
6.7507
1.01221
-4.91332
-10.7989
-16.4125
-21.5262
-25.9264
-29.4225
-31.8558
-33.107
-33.1016
-31.815
-29.2742
-25.557
-20.7897
-15.1421
-8.82185
-2.06583
4.86926
11.7176
18.2151
24.111
29.1778
33.2213
36.0877
37.67
37.9129
36.8151
34.4291
30.8579
26.2507
20.7959
14.7132
8.24407
1.64181
-4.83922
-10.9542
-16.4781
-21.2146
-25.0033
-27.7251
-29.3057
-29.7185
-28.984
-27.1676
-24.3759
-20.7498
-16.4585
-11.6908
-6.64701
-1.53043
3.46083
8.14215
12.3498
15.947
18.8276
20.9191
22.1834
22.6176
22.2517
21.1463
19.3878
17.0837
14.3566
11.3378
8.1619
4.96103
1.86004
-1.0287
-3.60952
-5.80623
-7.56366
-8.84821
-9.64777
-9.97058
-9.84335
-9.30888
-8.42321
-7.25207
-5.86687
-4.341
-2.7469
-1.15349
0.376402
1.78844
3.03859
4.09392
4.93286
5.54502
5.93038
6.0981
6.06521
5.85547
5.49786
5.02451
4.46846
3.86204
3.23584
2.61788
2.03262
1.50012
1.03555
0.649118
0.346032
0.12691
-0.011342
-0.0746341
-0.0712298
-0.0115442
0.0924516
0.228339
0.384289
0.549552
0.714606
0.871337
1.01323
1.13543
1.23469
1.3096
1.36065
1.38984
1.3999
1.39378
1.37474
1.34657
1.31331
1.27873
1.24598
1.21744
1.19475
1.17877
1.16974
1.16765
1.17214
1.18215
1.19579
1.21075
1.22496
1.2368
1.24481
1.24753
1.24358
1.23194
1.21193
1.18344
1.1471
1.1042
1.05624
1.00458
0.95062
0.8963
0.844126
0.796688
0.756195
0.724407
0.702739
0.692259
0.69366
0.707336
0.733308
0.770842
0.818121
0.872472
0.93096
0.990679
1.04847
1.10064
1.14305
1.17166
1.18277
1.17332
1.14106
1.08482
1.00434
0.900103
0.773605
0.627895
0.467859
0.299796
0.130773
-0.0316385
-0.179313
-0.303682
-0.396137
-0.448487
-0.453427
-0.405195
-0.300294
-0.137818
0.0807174
0.351466
0.667825
1.01988
1.39443
1.77563
2.14581
2.48601
2.77664
2.99827
3.13247
3.16254
3.07453
2.85861
2.51026
2.0308
1.42727
0.712486
-0.09454
-0.968539
-1.87856
-2.78912
-3.66146
-4.45511
-5.12971
-5.64684
-5.97157
-6.07398
-5.93105
-5.52889
-4.86431
-3.94541
-2.79158
-1.43341
0.0875081
1.71949
3.40236
5.06948
6.6502
8.07299
9.26889
10.1745
10.7348
10.9053
10.6552
9.97006
8.85308
7.32595
5.42834
3.21719
0.765066
-1.84221
-4.50851
-7.13075
-9.60301
-11.8215
-13.6893
-15.1209
-16.0451
-16.4088
-16.1798
-15.3496
-13.934
-11.9732
-9.53083
-6.69148
-3.55756
-0.245262
3.11964
6.40644
9.48505
12.232
14.5362
16.303
17.4584
17.9517
17.7586
16.882
15.3523
13.2263
10.5851
7.53038
4.17949
0.660963
-2.89052
-6.33925
-9.5544
-12.4159
-14.8194
-16.6802
-17.9364
-18.5506
-18.5116
-17.834
-16.5575
-14.7449
-12.4794
-9.85969
-6.99566
-4.00345
-1.00108
1.89614
4.58056
6.95666
8.94465
10.4831
11.5307
12.0673
12.0933
11.6291
10.7136
9.40224
7.76368
5.8762
3.82363
1.69196
-0.434067
-2.47431
-4.35637
-6.01809
-7.40963
-8.49503
-9.25287
-9.67606
-9.77084
-9.55578
-9.06065
-8.32461
-7.3937
-6.31828
-5.15076
-3.94336
-2.74583
-1.60348
-0.556038
0.363221
1.12865
1.72337
2.13876
2.36864
2.41764
2.3004
2.03981
1.66507
1.20884
0.704573
0.184615
-0.321437
-0.788312
-1.19604
-1.53021
-1.78203
-1.94865
-2.03301
-2.04259
-1.98758
-1.87962
-1.73142
-1.55628
-1.3671
-1.17511
-0.989243
-0.816155
-0.660435
-0.524712
-0.409839
-0.315211
-0.239128
-0.179146
-0.13246
-0.0963156
-0.0683103
-0.0465284
-0.0295714
-0.0165734
-0.00719379
-0.00154585
-0
-0
-0
-0
-0
-0
-0
-0
-0
-0
-0
-0
-0
-0
-0
-0
-0
-0
-0
-0
-0
-0
-0
-0
-0
-0
-0
-0
-0
-0
-0
-0
-0
-0
-0
-0
-0
-0
-0
-0
-0
-0
-0
-0
-0
-0
-0
-0
-0
-0
-0
-0
-0
-0
-0
-0
-0
-0
-0
-0
-0
-0
-0
-0
-0
-0
-0
-0
-0
-0
-0
-0
-0
-0
-0
-0
-0
-0
-0
-0
-0
-0
-0
-0
-0
-0
-0
-0
-0
-0
-0
-0
-0
-0
-0
-0
-0
-0
-0
-0
-0
-0
-0
-0
-0
-0
-0
-0
-0
-0
-0
-0
-0
-0
-0
-0
-0
-0
-0
-0
-0
-0
-0
-0
-0
-0
-0
-0
-0
-0
-0
-0
-0
-0
-0
-0
-0
-0
-0
-0
-0
-0
-0
-0
-0
-0
-0
-0
-0
-0
-0
-0
-0
-0
-0
-0
-0
-0
-0
-0
-0
-0
-0
-0
-0
-0
-0
-0
-0
-0
-0
-0
-0
-0
-0
-0
-0
-0
-0
