-0
-0
-0
-0
-0
-0
-0
-0
-0
-0
-0
-0
-0
-0
-0
-0
-0
-0
-0
-0
-0
-0
-0
-0
-0
-0
-0
-0
-0
-0
-0
-0
-0
-0
-0
-0
-0
-0
-0
-0
-0
-0
-0
-0
-0
-0
-0
-0
-0
-0
-0
-0
-0
-0
-0
-0
-0
-0
-0
0
0
-0
-0
-0
-0
-0
-0
-0
-0
-0
-0
-0
-0
-0
-0
-0
-0
-0
-0
-0
-0
-0
-0
0
0
0
0
0
0
0
0
0
0
0
0
0
0
0
0
0
0
0
0
0
0
0
0
0
0
0
0
0
0
0
0
0
0
0
0
0
0
0
0
0
0
0
0
0
0
0
0
0
0
0
0
0
0
0
0
0
0
0
0
0
0
0
0
0
0
0
0
0
0
0
0
0
0
0
0
0
0
0
0
0
0
0
0
0
0
0
0
0
0
0
0
0
0
0
0
0
0
0
0
0
0
0
0
0
0
0
0
0
0
0
0
0
0.00199289
0.00897789
0.0206283
0.0366244
0.0567897
0.0812149
0.110366
0.145119
0.186699
0.236575
0.296379
0.367863
0.452792
0.552596
0.667835
0.797732
0.940037
1.09114
1.24608
1.39845
1.54017
1.66172
1.7527
1.80273
1.80258
1.7451
1.62583
1.44314
1.19872
0.898427
0.553214
0.178995
-0.20453
-0.575752
-0.915411
-1.20471
-1.42433
-1.55527
-1.57989
-1.48317
-1.25429
-0.887805
-0.383918
0.251571
1.00701
1.86401
2.79686
3.77295
4.75424
5.69882
6.56235
7.29959
7.86611
8.22017
8.3247
8.14985
7.67564
6.89405
5.80975
4.44027
2.81634
0.98244
-1.00346
-3.07145
-5.14238
-7.13087
-8.94862
-10.5079
-11.7254
-12.5257
-12.8451
-12.6354
-11.8681
-10.5368
-8.65834
-6.27301
-3.44439
-0.258481
3.17834
6.74277
10.2992
13.705
16.8164
19.4949
21.6127
23.0588
23.7442
23.607
22.6168
20.7768
18.1254
14.7353
10.7119
6.18997
1.3289
-3.6927
-8.68392
-13.4494
-17.7975
-21.549
-24.544
-26.6496
-27.7655
-27.829
-26.8184
-24.7544
-21.7007
-17.7618
-13.0787
-7.823
-2.19045
3.60674
9.34793
14.8134
19.794
24.0999
27.568
30.0687
31.5113
31.8469
31.0707
29.2215
26.3807
22.6682
18.2373
13.2668
7.95372
2.50525
-2.86925
-7.96712
-12.6009
-16.6058
-19.8459
-22.2189
-23.6595
-24.1404
-23.6729
-22.3047
-20.1181
-17.2251
-13.7614
-9.87979
-5.74358
-1.51955
2.6287
6.54728
10.098
13.1632
15.6502
17.4937
18.657
19.1318
18.937
18.1167
16.738
14.8863
12.6608
10.1693
7.52375
4.83517
2.2095
-0.25656
-2.47864
-4.38755
-5.93146
-7.077
-7.809
-8.12948
-8.05637
-7.62213
-6.87147
-5.85854
-4.64378
-3.29095
-1.86414
-0.425061
0.969218
2.26786
3.42776
4.415
5.20596
5.78733
6.15532
6.31475
6.27819
6.06495
5.69976
5.21121
4.6303
3.98877
3.3174
2.64467
1.9961
1.39396
0.856723
0.398276
0.0275363
-0.251238
-0.437796
-0.535318
-0.549849
-0.489625
-0.364474
-0.185449
0.0356279
0.287012
0.557984
0.839217
1.12251
1.40051
1.66686
1.91647
2.14545
2.35083
2.53021
2.68155
2.80269
2.89102
2.94359
2.95759
2.9305
2.85977
2.74258
2.57633
2.35938
2.09165
1.77481
1.41249
1.01057
0.577262
0.122952
-0.33966
-0.795341
-1.22654
-1.61437
-1.93984
-2.18458
-2.33125
-2.36426
-2.27088
-2.04243
-1.67512
-1.17078
-0.537499
0.210213
1.05187
1.96162
2.90848
3.85675
4.76711
5.59864
6.3109
6.86564
7.22825
7.36943
7.26691
6.90692
6.28539
5.40909
4.29632
2.97645
1.48885
-0.118518
-1.79007
-3.46411
-5.07512
-6.55685
-7.84546
-8.88226
-9.61634
-10.0069
-10.0251
-9.65591
-8.89916
-7.77091
-6.30333
-4.54345
-2.55117
-0.39719
1.83936
4.07362
6.21839
8.18787
9.90147
11.2876
12.2866
12.8536
12.9596
12.5936
11.7628
10.4938
8.83056
6.83344
4.57612
2.14284
-0.375179
-2.88357
-5.28838
-7.49947
-9.4343
-11.0219
-12.2063
-12.9481
-13.2253
-13.0342
-12.3893
-11.323
-9.88387
-8.13425
-6.14794
-4.00649
-1.79514
0.400806
2.49875
4.42132
6.09963
7.47687
8.51069
9.17391
9.45437
9.3549
8.89297
8.09975
7.01823
5.70109
4.20824
2.60371
0.952418
-0.682525
-2.24154
-3.67035
-4.92231
-5.96067
-6.75969
-7.30457
-7.591
-7.62479
-7.42133
-7.00439
-6.40467
-5.65832
-4.80501
-3.88576
-2.94075
-2.00807
-1.12292
-0.316511
0.385342
0.963399
1.40523
1.70479
1.86194
1.88197
1.7751
1.55569
1.24153
0.85291
0.411411
-0.061582
-0.545872
-1.0228
-1.47541
-1.88896
-2.25171
-2.55546
-2.79548
-2.97019
-3.07556
-3.10622
-3.06779
-2.96904
-2.82115
-2.63677
-2.42874
-2.20896
-1.98773
-1.77358
-1.57323
-1.39144
-1.23083
-1.09194
-0.973538
-0.873148
-0.787644
-0.713716
-0.648148
-0.58797
-0.530642
-0.474277
-0.417796
-0.360936
-0.304123
-0.248288
-0.194693
-0.144795
-0.100137
-0.0622336
-0.0324408
-0.0118653
-0.00132682
-0
-0
-0
-0
-0
-0
-0
-0
-0
-0
-0
-0
-0
-0
-0
-0
-0
-0
-0
-0
-0
-0
-0
-0
-0
-0
-0
-0
-0
-0
-0
-0
-0
-0
-0
-0
-0
-0
-0
-0
-0
-0
-0
-0
-0
-0
-0
-0
-0
-0
-0
-0
-0
-0
-0
-0
-0
-0
-0
-0
-0
-0
-0
-0
-0
-0
-0
-0
-0
-0
-0
-0
-0
-0
-0
-0
-0
-0
-0
-0
-0
-0
-0
-0
-0
-0
-0
-0
-0
-0
-0
-0
-0
-0
-0
-0
-0
-0
-0
-0
-0
-0
-0
-0
-0
-0
-0
-0
-0
-0
-0
-0
-0
-0
-0
-0
-0
-0
-0
-0
-0
-0
-0
-0
-0
-0
-0
-0
-0
-0
-0
-0
-0
-0
-0
-0
-0
-0
-0
-0
-0
-0
-0
-0
-0
-0
-0
-0
-0
-0
-0
-0
-0
-0
-0
-0
-0
-0
-0
-0
-0
-0
-0
-0
-0
-0
-0
-0
-0
-0
-0
-0
-0
-0
-0
-0
-0
-0
-0
-0
-0
-0
-0
-0
-0
-0
-0
-0
-0
-0
-0
-0
-0
-0
-0
-0
-0
-0
-0
-0
-0
-0
-0
