3.40438e-15
8.0279e-15
9.51538e-15
4.90738e-15
-4.26451e-15
-1.16265e-14
-8.98482e-15
8.89339e-15
4.07109e-14
7.87062e-14
1.12546e-13
1.34705e-13
1.43854e-13
1.43926e-13
1.39332e-13
1.29514e-13
1.06755e-13
5.93794e-14
-2.09041e-14
-1.31512e-13
-2.55648e-13
-3.64973e-13
-4.26406e-13
-4.086e-13
-2.83918e-13
-2.47891e-14
4.02754e-13
1.04332e-12
1.95006e-12
3.17561e-12
4.75957e-12
6.71787e-12
9.03802e-12
1.16809e-11
1.45854e-11
1.7672e-11
2.08419e-11
2.39722e-11
2.69115e-11
2.94809e-11
3.14807e-11
3.27097e-11
3.29974e-11
3.21775e-11
3.0114e-11
2.67138e-11
2.19337e-11
1.57867e-11
8.34869e-12
-2.35881e-13
-9.75083e-12
-1.99077e-11
-3.03491e-11
-4.06564e-11
-5.03617e-11
-5.89665e-11
-6.59666e-11
-7.0882e-11
-7.32877e-11
-7.28397e-11
-6.92942e-11
-6.25188e-11
-5.25e-11
-3.93488e-11
-2.33063e-11
-4.74865e-12
1.58132e-11
3.77424e-11
6.02969e-11
8.26645e-11
1.04007e-10
1.23506e-10
1.40411e-10
1.54069e-10
1.63962e-10
1.69731e-10
1.71193e-10
1.68353e-10
1.61394e-10
1.5066e-10
1.36633e-10
1.19909e-10
1.01168e-10
8.11432e-11
6.05866e-11
4.02395e-11
2.08036e-11
2.91377e-12
-1.28915e-11
-2.61937e-11
-3.67047e-11
-4.42639e-11
-4.88298e-11
-5.04751e-11
-4.93854e-11
-4.58499e-11
-4.02372e-11
-3.2964e-11
-2.4469e-11
-1.51977e-11
-5.58915e-12
3.94358e-12
1.30362e-11
2.13872e-11
2.87583e-11
3.497e-11
3.99065e-11
4.35239e-11
4.58497e-11
4.69649e-11
4.69802e-11
4.60254e-11
4.4254e-11
4.18456e-11
3.89917e-11
3.58698e-11
3.26292e-11
2.93954e-11
2.62818e-11
2.33886e-11
2.079e-11
1.85253e-11
1.66068e-11
1.5035e-11
1.38035e-11
1.28911e-11
1.2257e-11
1.18495e-11
1.1621e-11
1.15345e-11
1.15557e-11
1.16448e-11
1.17597e-11
1.18673e-11
1.19491e-11
1.19965e-11
1.20023e-11
1.19582e-11
1.18596e-11
1.17087e-11
1.15129e-11
1.12815e-11
1.10246e-11
1.07531e-11
1.04761e-11
1.01998e-11
9.92847e-12
9.66808e-12
9.42689e-12
9.21108e-12
9.02061e-12
8.85033e-12
8.69464e-12
8.54989e-12
8.41194e-12
8.27306e-12
8.12238e-12
7.94896e-12
7.74295e-12
7.49431e-12
7.19217e-12
6.82679e-12
6.39209e-12
5.88569e-12
5.30732e-12
4.65849e-12
3.94428e-12
3.17494e-12
2.366e-12
1.53755e-12
7.13603e-13
-7.87864e-14
-8.11362e-13
-1.45591e-12
-1.98373e-12
-2.36491e-12
-2.57046e-12
-2.57692e-12
-2.36956e-12
-1.94173e-12
-1.29273e-12
-4.28385e-13
6.36008e-13
1.87417e-12
3.25046e-12
4.72208e-12
6.23939e-12
7.74622e-12
9.18297e-12
1.04914e-11
1.16172e-11
1.2509e-11
1.31182e-11
1.34039e-11
1.33387e-11
1.29108e-11
1.21217e-11
1.09839e-11
9.52114e-12
7.77107e-12
5.78428e-12
3.62133e-12
1.34946e-12
-9.5958e-13
-3.23244e-12
-5.3981e-12
-7.39108e-12
-9.15238e-12
-1.06303e-11
-1.17832e-11
-1.25837e-11
-1.30198e-11
-1.30936e-11
-1.28183e-11
-1.22181e-11
-1.13278e-11
-1.01926e-11
-8.86433e-12
-7.39874e-12
-5.85323e-12
-4.28443e-12
-2.74548e-12
-1.28398e-12
5.86159e-14
1.24747e-12
2.25592e-12
3.06721e-12
3.67455e-12
4.07945e-12
4.29013e-12
4.32102e-12
4.19234e-12
3.92848e-12
3.5562e-12
3.10346e-12
2.59863e-12
2.06885e-12
1.53813e-12
1.02678e-12
5.52171e-13
1.28968e-13
-2.32028e-13
-5.24967e-13
-7.48255e-13
-9.02856e-13
-9.9162e-13
-1.01981e-12
-9.95019e-13
-9.25833e-13
-8.20597e-13
-6.8763e-13
-5.35718e-13
-3.73362e-13
-2.07398e-13
-4.28391e-14
1.16004e-13
2.64997e-13
4.01092e-13
5.23142e-13
6.31235e-13
7.25481e-13
8.0602e-13
8.73922e-13
9.31227e-13
9.79823e-13
1.02081e-12
1.05523e-12
1.08481e-12
1.11145e-12
1.13621e-12
1.15937e-12
1.18143e-12
1.20331e-12
1.22555e-12
1.24784e-12
1.2699e-12
1.2921e-12
1.31493e-12
1.33809e-12
1.36073e-12
1.38258e-12
1.40412e-12
1.42575e-12
1.44707e-12
1.4676e-12
1.48741e-12
1.50682e-12
1.52572e-12
1.54374e-12
1.561e-12
1.57804e-12
1.5949e-12
1.61089e-12
1.62551e-12
1.63917e-12
1.65256e-12
1.66572e-12
1.67803e-12
1.68925e-12
1.6997e-12
1.70969e-12
1.71913e-12
1.72804e-12
1.73685e-12
1.74588e-12
1.75476e-12
1.76296e-12
1.77072e-12
1.77887e-12
1.78771e-12
1.79666e-12
1.80504e-12
1.8129e-12
1.82063e-12
1.82828e-12
1.83562e-12
1.84266e-12
1.84958e-12
1.85616e-12
1.86191e-12
1.86685e-12
1.87174e-12
1.87711e-12
1.88258e-12
1.88735e-12
1.89126e-12
1.89483e-12
1.89839e-12
1.9017e-12
1.90444e-12
1.90651e-12
1.90781e-12
1.90793e-12
1.9067e-12
1.90461e-12
1.90221e-12
1.89929e-12
1.89502e-12
1.88904e-12
1.88188e-12
1.87415e-12
1.86581e-12
1.85633e-12
1.84544e-12
1.83311e-12
1.81918e-12
1.80348e-12
1.78629e-12
1.7681e-12
1.74892e-12
1.72806e-12
1.70506e-12
1.68043e-12
1.65504e-12
1.6291e-12
1.60214e-12
1.57369e-12
1.54379e-12
1.51259e-12
1.48009e-12
1.44641e-12
1.41196e-12
1.37686e-12
1.34064e-12
1.30286e-12
1.26387e-12
1.22464e-12
1.18562e-12
1.14637e-12
1.10625e-12
1.06522e-12
1.02362e-12
9.81665e-13
9.39432e-13
8.97144e-13
8.54988e-13
8.12715e-13
7.69932e-13
7.26853e-13
6.84343e-13
6.42964e-13
6.02295e-13
5.61492e-13
5.20266e-13
4.78974e-13
4.37947e-13
3.97164e-13
3.5654e-13
3.16055e-13
2.75461e-13
2.34284e-13
1.92408e-13
1.50329e-13
1.08449e-13
6.62873e-14
2.28002e-14
-2.257e-14
-6.9524e-14
-1.17594e-13
-1.668e-13
-2.17498e-13
-2.70008e-13
-3.24691e-13
-3.82112e-13
-4.42695e-13
-5.06354e-13
-5.729e-13
-6.42814e-13
-7.17189e-13
-7.96751e-13
-8.81257e-13
-9.70063e-13
-1.06297e-12
-1.16022e-12
-1.2619e-12
-1.36768e-12
-1.47693e-12
-1.58865e-12
-1.70113e-12
-1.81214e-12
-1.91965e-12
-2.02204e-12
-2.1174e-12
-2.20282e-12
-2.2748e-12
-2.33032e-12
-2.36718e-12
-2.38346e-12
-2.3772e-12
-2.34671e-12
-2.29097e-12
-2.20968e-12
-2.10331e-12
-1.97374e-12
-1.82455e-12
-1.66041e-12
-1.48621e-12
-1.30705e-12
-1.12912e-12
-9.60023e-13
-8.08019e-13
-6.81109e-13
-5.86752e-13
-5.31947e-13
-5.22919e-13
-5.64631e-13
-6.60715e-13
-8.13548e-13
-1.02376e-12
-1.2894e-12
-1.60584e-12
-1.96668e-12
-2.36455e-12
-2.79083e-12
-3.23504e-12
-3.68503e-12
-4.1279e-12
-4.5508e-12
-4.94131e-12
-5.28789e-12
-5.58058e-12
-5.81125e-12
-5.97325e-12
-6.0614e-12
-6.07289e-12
-6.00819e-12
-5.87081e-12
-5.66633e-12
-5.40186e-12
-5.08617e-12
-4.72984e-12
-4.34467e-12
-3.94303e-12
-3.53751e-12
-3.14051e-12
-2.76349e-12
-2.41625e-12
-2.10705e-12
-1.84315e-12
-1.63049e-12
-1.4727e-12
-1.37063e-12
-1.32285e-12
-1.32658e-12
-1.37795e-12
-1.47183e-12
-1.60198e-12
-1.76144e-12
-1.94255e-12
-2.13709e-12
-2.33679e-12
-2.53451e-12
-2.72449e-12
-2.90176e-12
-3.06151e-12
-3.19935e-12
-3.31223e-12
-3.39864e-12
-3.45821e-12
-3.49142e-12
-3.49957e-12
-3.48463e-12
-3.44876e-12
-3.3942e-12
-3.32374e-12
-3.24092e-12
-3.14946e-12
-3.05238e-12
-2.95204e-12
-2.85088e-12
-2.75158e-12
-2.65656e-12
-2.56753e-12
-2.48568e-12
-2.41189e-12
-2.34678e-12
-2.29058e-12
-2.24348e-12
-2.2059e-12
-2.17803e-12
-2.1592e-12
-2.14799e-12
-2.1432e-12
-2.1444e-12
-2.15152e-12
-2.16413e-12
-2.1813e-12
-2.20188e-12
-2.22473e-12
-2.24871e-12
-2.27307e-12
-2.29772e-12
-2.32287e-12
-2.3482e-12
-2.3726e-12
-2.39491e-12
-2.41475e-12
-2.43237e-12
-2.44806e-12
-2.46177e-12
-2.4734e-12
-2.48282e-12
-2.48979e-12
-2.49406e-12
-2.49583e-12
-2.49575e-12
-2.49429e-12
-2.49135e-12
-2.48662e-12
-2.48027e-12
-2.47285e-12
-2.46474e-12
-2.45586e-12
-2.44614e-12
-2.43575e-12
-2.42495e-12
-2.41385e-12
-2.40256e-12
-2.39133e-12
-2.38024e-12
-2.36894e-12
-2.357e-12
-2.34459e-12
-2.33234e-12
-2.32068e-12
-2.30929e-12
-2.29755e-12
-2.28519e-12
-2.27229e-12
-2.25908e-12
-2.2458e-12
-2.23275e-12
-2.21997e-12
-2.20698e-12
-2.1931e-12
-2.17823e-12
-2.16303e-12
-2.14818e-12
-2.13372e-12
-2.11912e-12
-2.10396e-12
-2.08817e-12
-2.07189e-12
-2.05532e-12
-2.03881e-12
-2.02262e-12
-2.00654e-12
-1.98993e-12
-1.97246e-12
-1.95449e-12
-1.93662e-12
-1.919e-12
-1.90127e-12
-1.8831e-12
-1.86448e-12
-1.84552e-12
-1.82623e-12
-1.80674e-12
-1.78726e-12
-1.7678e-12
-1.74803e-12
-1.72769e-12
-1.70702e-12
-1.68653e-12
-1.66631e-12
-1.64601e-12
-1.62537e-12
-1.60459e-12
-1.58399e-12
-1.56367e-12
-1.5436e-12
-1.52382e-12
-1.50436e-12
-1.48503e-12
-1.46573e-12
-1.44678e-12
-1.42872e-12
-1.41164e-12
-1.39507e-12
-1.37856e-12
-1.36228e-12
-1.34675e-12
-1.33231e-12
-1.31887e-12
-1.30623e-12
-1.29425e-12
-1.28278e-12
-1.27181e-12
-1.26161e-12
-1.25262e-12
-1.24499e-12
-1.23833e-12
-1.23216e-12
-1.22644e-12
-1.22145e-12
-1.21753e-12
-1.21484e-12
-1.21346e-12
-1.21316e-12
-1.21342e-12
-1.21384e-12
-1.21484e-12
-1.21738e-12
-1.22182e-12
-1.22739e-12
-1.23307e-12
-1.23885e-12
-1.24565e-12
-1.25411e-12
-1.26385e-12
-1.27421e-12
-1.28513e-12
-1.29702e-12
-1.30996e-12
-1.32353e-12
-1.33755e-12
-1.35245e-12
-1.36872e-12
-1.38615e-12
-1.40395e-12
-1.42162e-12
-1.43951e-12
-1.45843e-12
-1.47874e-12
-1.49992e-12
-1.52102e-12
-1.54156e-12
-1.56199e-12
-1.58313e-12
-1.6052e-12
-1.62748e-12
-1.64911e-12
-1.66989e-12
-1.69026e-12
-1.71054e-12
-1.73057e-12
-1.75008e-12
-1.76893e-12
-1.78698e-12
-1.80404e-12
-1.82015e-12
-1.83588e-12
-1.85172e-12
-1.86754e-12
-1.8829e-12
-1.89803e-12
-1.91391e-12
-1.93138e-12
-1.95043e-12
-1.97094e-12
-1.99358e-12
-2.01947e-12
-2.04912e-12
-2.0822e-12
-2.1186e-12
-2.15911e-12
-2.20461e-12
-2.25491e-12
-2.30901e-12
-2.36617e-12
-2.42634e-12
-2.48934e-12
-2.55417e-12
-2.61935e-12
-2.68358e-12
-2.74564e-12
-2.80403e-12
-2.85708e-12
-2.90348e-12
-2.94226e-12
-2.97216e-12
-2.99151e-12
-2.99894e-12
-2.99408e-12
-2.97734e-12
-2.94902e-12
-2.90911e-12
-2.85784e-12
-2.79635e-12
-2.72663e-12
-2.65098e-12
-2.57166e-12
-2.4908e-12
-2.41066e-12
-2.33386e-12
-2.26336e-12
-2.20222e-12
-2.15305e-12
-2.11793e-12
-2.09856e-12
-2.09655e-12
-2.11339e-12
-2.15021e-12
-2.20763e-12
-2.28562e-12
-2.38358e-12
-2.50044e-12
-2.63502e-12
-2.78627e-12
-2.95299e-12
-3.13327e-12
-3.32459e-12
-3.52453e-12
-3.73129e-12
-3.94346e-12
-4.15937e-12
-4.37698e-12
-4.59448e-12
-4.81053e-12
-5.02415e-12
-5.23447e-12
-5.44083e-12
-5.64289e-12
-5.84038e-12
-6.03273e-12
-6.21572e-12
-6.3869e-12
-6.5463e-12
-6.69375e-12
-6.82866e-12
-6.95037e-12
-7.05859e-12
-7.15323e-12
-7.23405e-12
-7.30056e-12
-7.35237e-12
-7.38918e-12
-7.41065e-12
-7.41628e-12
-7.40568e-12
-7.37873e-12
-7.33541e-12
-7.27563e-12
-7.19934e-12
-7.10668e-12
-6.99795e-12
-6.87352e-12
-6.73388e-12
-6.5798e-12
-6.41222e-12
-6.23209e-12
-6.04027e-12
-5.83773e-12
-5.6257e-12
-5.40555e-12
-5.17868e-12
-4.94647e-12
-4.71026e-12
-4.47127e-12
-4.23069e-12
-3.98985e-12
-3.7502e-12
-3.51313e-12
-3.27972e-12
-3.05083e-12
-2.8273e-12
-2.61009e-12
-2.40013e-12
-2.19819e-12
