0.635798
-0.231936
-0.564282
-0.462151
-0.0799676
0.392071
0.761542
0.867524
0.598782
-0.104184
-1.25082
-2.7967
-4.63922
-6.62542
-8.57642
-10.3184
-11.7058
-12.6319
-13.0336
-12.8971
-12.2641
-11.229
-9.92312
-8.49004
-7.06258
-5.7479
-4.6206
-3.72034
-3.05212
-2.58971
-2.28292
-2.06836
-1.88286
-1.67792
-1.4317
-1.15353
-0.87744
-0.647161
-0.50073
-0.462357
-0.542244
-0.737803
-1.02942
-1.3715
-1.68765
-1.87972
-1.85103
-1.53304
-0.900691
0.0300542
1.21592
2.5974
4.09888
5.62245
7.0481
8.24856
9.11431
9.57479
9.60477
9.21601
8.44344
7.33547
5.95142
4.36323
2.65652
0.927569
-0.725208
-2.21379
-3.47161
-4.45619
-5.14084
-5.50173
-5.51192
-5.14842
-4.4069
-3.31112
-1.90926
-0.261823
1.56739
3.51043
5.48832
7.40741
9.16407
10.6551
11.7879
12.4873
12.6987
12.3918
11.5633
10.2423
8.49469
6.42666
4.18168
1.93013
-0.146419
-1.87055
-3.08087
-3.64242
-3.45915
-2.48838
-0.751637
1.66322
4.60869
7.88969
11.2786
14.535
17.4292
19.766
21.3986
22.2332
22.2281
21.3943
19.7994
17.564
14.8467
11.8212
8.65522
5.50019
2.4884
-0.268263
-2.68199
-4.69221
-6.26471
-7.38726
-8.06579
-8.32296
-8.19778
-7.74415
-7.02868
-6.12924
-5.13351
-4.13482
-3.22434
-2.48282
-1.97568
-1.75153
-1.84063
-2.25114
-2.9659
-3.9445
-5.13199
-6.47006
-7.90574
-9.39648
-10.9137
-12.4463
-14.0026
-15.6094
-17.3083
-19.1511
-21.194
-23.4873
-26.0595
-28.8992
-31.94
-35.0514
-38.035
-40.624
-42.4897
-43.2583
-42.5417
-39.9781
-35.2795
-28.2793
-18.9785
-7.57943
5.5023
19.6545
34.1119
48.0187
60.5018
70.7512
78.1025
82.1079
82.5815
79.6102
73.5343
64.9054
54.43
42.9002
31.1149
19.8054
9.57869
0.886519
-5.98362
-10.9031
-13.8855
-15.0577
-14.6228
-12.8231
-9.9164
-6.16579
-1.83582
2.81256
7.52877
12.0765
16.2336
19.7937
22.5758
24.4388
25.2956
25.1176
23.9325
21.8172
18.8894
15.2944
11.1886
6.72264
2.03102
-2.7721
-7.59249
-12.3532
-16.988
-21.4298
-25.5969
-29.3845
-32.666
-35.3
-37.1399
-38.0441
-37.8912
-36.6007
-34.1527
-30.5994
-26.0652
-20.7398
-14.8693
-8.74518
-2.685
2.99454
8.0059
12.1119
15.1378
16.9793
17.6102
17.0851
15.5344
13.1472
10.1509
6.79184
3.31839
-0.0358056
-3.06997
-5.63038
-7.61654
-8.98038
-9.72307
-9.89176
-9.57303
-8.87981
-7.93432
-6.85383
-5.7435
-4.6933
-3.77361
-3.0285
-2.47155
-2.08836
-1.84406
-1.69048
-1.57065
-1.42307
-1.18901
-0.820915
-0.287346
0.427059
1.32283
2.38389
3.57396
4.83663
6.10176
7.2948
8.34285
9.17621
9.72985
9.94857
9.79412
9.24913
8.31591
7.01343
5.37669
3.45768
1.32381
-0.947979
-3.27789
-5.58626
-7.79327
-9.82019
-11.595
-13.0595
-14.1718
-14.9042
-15.2391
-15.1688
-14.6981
-13.8436
-12.6298
-11.0832
-9.23013
-7.10005
-4.72848
-2.15822
0.560894
3.36975
6.19566
8.95
11.5315
13.8337
15.752
17.1889
18.0599
18.3026
17.8883
16.8285
15.1745
13.0116
10.4523
7.63222
4.70291
1.82091
-0.867016
-3.23605
-5.18986
-6.6628
-7.62122
-8.065
-8.0267
-7.56658
-6.76509
-5.71617
-4.52211
-3.28771
-2.11195
-1.07922
-0.254029
0.31951
0.616407
0.631408
0.381264
-0.095258
-0.742489
-1.49628
-2.29123
-3.06425
-3.75632
-4.3155
-4.70125
-4.88779
-4.86429
-4.63317
-4.20859
-3.61557
-2.88808
-2.06505
-1.18623
-0.290566
0.582769
1.39395
2.10521
2.68546
3.11279
3.37276
3.45499
3.35249
3.06488
2.60214
1.98474
1.24001
0.398532
-0.506273
-1.43626
-2.34804
-3.19589
-3.93607
-4.52965
-4.94289
-5.14739
-5.12208
-4.85622
-4.3511
-3.61949
-2.68439
-1.57887
-0.346468
0.960248
2.28377
3.56637
4.75265
5.78952
6.62708
7.22278
7.54784
7.59117
7.35798
6.86492
6.1367
5.20716
4.1219
2.93757
1.71549
0.513166
-0.621093
-1.64831
-2.53668
-3.26167
-3.80938
-4.18002
-4.38745
-4.45444
-4.40692
-4.27072
-4.07124
-3.83321
-3.57822
-3.32064
-3.06479
-2.8056
-2.53207
-2.23107
-1.88924
-1.49359
-1.03232
-0.497253
0.112889
0.790109
1.51689
2.26793
3.01271
3.71802
4.35021
4.87761
5.27312
5.5168
5.59771
5.51506
5.27831
4.90665
4.42754
3.87426
3.28262
2.68724
2.11806
1.59775
1.14034
0.750978
0.42672
0.157997
-0.0693328
-0.271557
-0.464537
-0.661306
-0.870269
-1.09446
-1.33217
-1.57895
-1.83056
-2.08631
-2.35172
-2.64006
-2.97212
-3.37434
-3.87538
-4.50174
-5.27272
-6.19545
-7.26053
-8.43887
-9.68031
-10.9146
-12.0554
-13.006
-13.6687
-13.9541
-13.7913
-13.1363
-11.9783
-10.3424
-8.28884
-5.90885
-3.31722
-0.643036
1.98086
4.42838
6.58972
8.37912
9.73987
10.6466
11.1042
11.1447
10.8212
10.2016
9.36102
8.37517
7.31496
6.24219
5.20705
4.24704
3.38716
2.64102
2.01259
1.49822
1.08881
0.771829
0.533049
0.358051
0.233273
0.146725
0.0883541
0.0501195
0.0258685
0.0110753
0.00252487
-0.0020026
-0.0040098
-0.00450251
-0.00415019
-0.00339477
-0.00252077
-0.00170037
-0.00102398
-0.000523721
-0.00019287
-2.49749e-06
8.51815e-05
0.000107196
9.40788e-05
6.7544e-05
4.06998e-05
1.97502e-05
6.23928e-06
-8.4437e-07
-3.47265e-06
-3.59127e-06
-2.66083e-06
-1.56303e-06
-7.03358e-07
-1.79253e-07
6.54587e-08
1.33302e-07
1.15685e-07
7.27197e-08
3.43903e-08
1.00877e-08
-1.37224e-09
-4.63521e-09
-4.05504e-09
-2.42245e-09
-1.03386e-09
-2.26721e-10
1.01216e-10
1.59234e-10
1.13906e-10
5.57151e-11
1.68696e-11
-7.79375e-13
-5.2386e-12
-4.20083e-12
-2.11488e-12
-6.50274e-13
9.45029e-15
1.68512e-13
1.29433e-13
5.94323e-14
1.47427e-14
-2.6424e-15
-5.24616e-15
-3.19232e-15
-1.12448e-15
-1.06138e-16
1.59918e-16
1.27989e-16
5.19868e-17
8.54663e-18
-4.43549e-18
-4.27108e-18
-1.74929e-18
-2.72093e-19
1.42146e-19
1.22835e-19
4.29051e-20
3.21811e-21
-4.82241e-21
-2.81448e-21
-6.4648e-22
8.87002e-23
1.23773e-22
4.1049e-23
1.56422e-24
-4.21666e-24
-1.75392e-24
-1.69186e-25
1.25235e-25
5.76902e-26
5.84222e-27
-3.57494e-27
-1.50107e-27
-9.27157e-29
9.66651e-29
2.90352e-29
-7.90337e-31
-2.12568e-30
-3.28538e-31
7.55012e-32
2.96536e-32
-2.33074e-34
-1.50792e-33
-1.30955e-34
5.52684e-35
8.53309e-36
-1.68782e-36
-3.30087e-37
5.03451e-38
8.67228e-39
-1.54394e-39
-1.20906e-40
3.94221e-41
-1.30387e-42
-4.69446e-43
7.68674e-44
-6.02981e-45
2.92619e-46
-9.34057e-48
1.9796e-49
-2.73592e-51
2.3691e-53
-1.20674e-55
3.25764e-58
-3.69654e-61
9.24648e-65
0
0
0
0
0
0
0
0
0
0
0
0
0
0
0
0
0
0
0
0
0
