-0
-0
-0
-0
0
0
0
0
-0
-0
-0
-0
-0
-0
-0
-0
-0
-0
-0
-0
-0
-0
-0
-0
-0
-0
-0
-0
-0
-0
0
0
0
0
0
0
0
0
0
0
0
0
0
0
0
0
0
-0
-0
-0
-0
-0
-0
-0
-0
-0
-0
-0
-0
-0
-0
-0
-0
0
0
0
0
0
0
0
0
0
0
0
0
0
0
0
0
0
0
0
-0
-0
-0
-0
-0
-0
-0
-0
-0
-0
-0
-0
-0
-0
0
0
0
0
9.93201e-05
0.00165956
0.00549239
0.0117849
0.0203759
0.0307612
0.0421151
0.0533934
0.0634943
0.0713672
0.0760585
0.0768069
0.0732181
0.0653726
0.0537621
0.0391648
0.022628
0.00552904
-0.0104587
-0.0235576
-0.0321278
-0.0348569
-0.0308952
-0.0199271
-0.00211603
0.0220421
0.0517507
0.0856802
0.121689
0.156956
0.188678
0.214793
0.234044
0.245408
0.247729
0.240275
0.223684
0.200206
0.172956
0.145178
0.12038
0.10282
0.0971951
0.10756
0.136633
0.186116
0.257141
0.349761
0.462038
0.590368
0.729119
0.871639
1.01043
1.1369
1.24152
1.31429
1.34528
1.32519
1.24604
1.10208
0.890382
0.610876
0.266531
-0.136149
-0.586544
-1.06983
-1.56743
-2.05764
-2.51614
-2.91679
-3.2327
-3.43761
-3.50717
-3.42025
-3.16029
-2.71667
-2.08603
-1.27344
-0.293227
0.83079
2.0656
3.36967
4.69367
5.98166
7.17303
8.20506
9.01576
9.54661
9.74551
9.57001
8.99037
7.99195
6.57687
4.76554
2.59775
0.132851
-2.55131
-5.36068
-8.18795
-10.9162
-13.4234
-15.5872
-17.2903
-18.4258
-18.9033
-18.6538
-17.635
-15.8343
-13.2714
-9.99911
-6.10394
-1.70406
3.05368
7.99836
12.941
17.6822
22.0199
25.7588
28.718
30.7396
31.697
31.5018
30.1093
27.5228
23.7947
19.0266
13.3669
7.00595
0.169772
-6.88836
-13.8976
-20.5806
-26.6656
-31.8977
-36.0496
-38.9325
-40.4046
-40.3783
-38.8251
-35.7779
-31.3301
-25.6337
-18.8924
-11.3548
-3.3041
4.95294
13.0989
20.8191
27.815
33.8162
38.5914
41.9587
43.7924
44.0286
42.6677
39.7741
35.4728
29.944
23.4141
16.1464
8.43016
0.568367
-7.13528
-14.3892
-20.9256
-26.5114
-30.9565
-34.1208
-35.9185
-36.3202
-35.3528
-33.097
-29.6826
-25.2804
-20.0945
-14.3522
-8.29449
-2.16542
3.79801
9.37547
14.3717
18.6235
22.0052
24.4315
25.8594
26.2872
25.7533
24.3325
22.1312
19.2801
15.9283
12.2354
8.36496
4.47748
0.723794
-2.76039
-5.8593
-8.48084
-10.5588
-12.0534
-12.9507
-13.2614
-13.0193
-12.2779
-11.1067
-9.58693
-7.80704
-5.85842
-3.83142
-1.81175
0.122451
1.90309
3.47445
4.79478
5.83675
6.58681
7.0442
7.21998
7.13568
6.82148
6.31395
5.65385
4.88398
4.04693
3.18318
2.32986
1.51991
0.781159
0.13531
-0.402688
-0.82434
-1.12685
-1.31246
-1.38792
-1.36374
-1.25336
-1.07224
-0.837174
-0.565157
-0.272308
0.0268718
0.319529
0.594383
0.842086
1.0558
1.23136
1.36695
1.46267
1.52025
1.54272
1.53405
1.49879
1.4422
1.37003
1.28797
1.2009
1.1128
1.02714
0.947067
0.875182
0.813224
0.762083
0.721975
0.69249
0.6727
0.661496
0.6579
0.660908
0.669107
0.680685
0.693965
0.707833
0.721607
0.734651
0.746295
0.755994
0.763383
0.768203
0.770402
0.770314
0.768513
0.765356
0.760796
0.754755
0.747545
0.739773
0.731892
0.724021
0.716141
0.708257
0.700339
0.692329
0.684314
0.676533
0.669052
0.661544
0.653568
0.645037
0.636237
0.627399
0.618443
0.609167
0.599499
0.589463
0.579074
0.568433
0.557808
0.547419
0.537171
0.526793
0.516266
0.505937
0.496138
0.486867
0.47792
0.469195
0.460715
0.452453
0.444348
0.436444
0.42882
0.421334
0.413639
0.405543
0.397216
0.388921
0.380672
0.372313
0.363846
0.355512
0.347582
0.340272
0.333893
0.328879
0.325558
0.324015
0.324317
0.326741
0.331589
0.338822
0.348021
0.35867
0.370271
0.382128
0.393214
0.402351
0.408399
0.410146
0.406156
0.394964
0.375421
0.346777
0.308475
0.260158
0.201997
0.134922
0.0604845
-0.0193085
-0.101859
-0.183775
-0.261028
-0.329356
-0.384437
-0.42181
-0.436983
-0.425893
-0.38533
-0.31305
-0.20787
-0.070038
0.0983628
0.293405
0.509571
0.739775
0.975154
1.20511
1.41789
1.60124
1.74279
1.83045
1.85308
1.80125
1.66786
1.44848
1.14201
0.75141
0.284105
-0.248308
-0.830414
-1.44308
-2.06359
-2.66627
-3.22372
-3.70791
-4.09131
-4.34822
-4.45626
-4.39765
-4.16009
-3.73761
-3.13178
-2.35268
-1.41899
-0.357394
0.798204
2.00733
3.22401
4.39845
5.47905
6.41449
7.15593
7.65974
7.88985
7.81955
7.43264
6.72488
5.70529
4.39694
2.83643
1.07262
-0.834892
-2.81764
-4.80079
-6.70606
-8.45472
-9.97075
-11.1844
-12.0359
-12.4787
-12.4812
-12.0282
-11.122
-9.78394
-8.05373
-5.98836
-3.65985
-1.15268
1.43957
4.01813
6.48291
8.73625
10.6867
12.2537
13.3712
13.9912
14.0848
13.6437
12.6804
11.2288
9.34235
7.09238
4.56487
1.85698
-0.927347
-3.68195
-6.30256
-8.69044
-10.7563
-12.4246
-13.6367
-14.3536
-14.556
-14.2451
-13.4422
-12.1876
-10.5388
-8.56754
-6.35719
-3.99858
-1.58562
0.788792
3.03612
5.07501
6.83447
8.25706
9.30116
9.94191
10.1712
9.9975
9.44442
8.54959
7.36232
5.94147
4.35288
2.66588
0.949765
-0.729162
-2.30953
-3.73665
-4.96464
-5.95827
-6.69399
-7.16007
-7.35625
-7.29301
-6.99029
-6.47589
-5.78405
-4.95409
-4.02865
-3.0511
-2.06325
-1.10379
-0.207473
0.595765
1.28189
1.83352
2.24013
2.49794
2.60971
2.58407
2.43415
2.17646
1.8302
1.41679
0.958862
0.478685
-0.00305467
-0.467819
-0.899509
-1.28494
-1.61422
-1.88068
-2.08062
-2.21344
-2.28171
-2.28763
-2.23703
-2.13879
-2.0029
-1.84031
-1.66221
-1.47905
-1.3
-1.13275
-0.983305
-0.855666
-0.751715
-0.67168
-0.614634
-0.578632
-0.5607
-0.557058
-0.563591
-0.576235
-0.591224
-0.605324
-0.616051
-0.621662
-0.620938
-0.613051
-0.597689
-0.575197
-0.546495
-0.512795
-0.475352
-0.435356
-0.393917
-0.352055
-0.310693
-0.270622
-0.232463
-0.19665
-0.163457
-0.133044
-0.10549
-0.0808365
-0.0591506
-0.0405546
-0.02521
-0.013295
-0.00502005
-0.000643503
-0
-0
-0
-0
-0
-0
-0
-0
-0
-0
-0
-0
-0
-0
-0
-0
-0
-0
-0
-0
-0
-0
-0
-0
-0
-0
-0
-0
-0
-0
-0
-0
-0
-0
-0
-0
-0
-0
-0
-0
-0
-0
-0
-0
-0
-0
-0
-0
-0
-0
-0
-0
-0
-0
-0
-0
-0
-0
-0
-0
-0
-0
-0
-0
-0
-0
-0
-0
-0
-0
-0
-0
-0
-0
-0
-0
-0
-0
-0
-0
-0
-0
-0
-0
-0
-0
-0
-0
-0
-0
-0
-0
-0
-0
-0
-0
-0
-0
-0
-0
-0
-0
-0
-0
-0
-0
-0
-0
-0
-0
-0
-0
-0
-0
-0
-0
-0
-0
-0
-0
-0
-0
-0
-0
-0
-0
