15.0312
17.9457
20.0166
21.2336
21.6271
21.2611
20.2258
18.6305
16.5946
14.236
11.6602
8.95455
6.18807
3.41332
0.668074
-2.02027
-4.62521
-7.11013
-9.42282
-11.4984
-13.2652
-14.6478
-15.5671
-15.9456
-15.7206
-14.8604
-13.3754
-11.3216
-8.79964
-5.95261
-2.95943
-0.0188728
2.67364
4.94815
6.67473
7.77183
8.21308
8.03237
7.32195
6.21968
4.88907
3.4986
2.20295
1.12431
0.334907
-0.152511
-0.380266
-0.429822
-0.404298
-0.416055
-0.576622
-0.982514
-1.69724
-2.73805
-4.07472
-5.63838
-7.33221
-9.04001
-10.6358
-11.9986
-13.0301
-13.6677
-13.8875
-13.7027
-13.1593
-12.3321
-11.3172
-10.2205
-9.14587
-8.18629
-7.41685
-6.88671
-6.61031
-6.56263
-6.68267
-6.88278
-7.05842
-7.09532
-6.87648
-6.29183
-5.24958
-3.6855
-1.56847
1.09571
4.26001
7.8322
11.6745
15.6079
19.4215
22.8845
25.7641
27.8456
28.9509
28.9514
27.7733
25.4024
21.8916
17.3669
12.0255
6.12095
-0.0602434
-6.22115
-12.0738
-17.356
-21.8482
-25.3869
-27.8723
-29.2687
-29.6009
-28.9501
-27.4457
-25.2519
-22.5494
-19.5179
-16.324
-13.1136
-10.0072
-7.0963
-4.44203
-2.07413
0.00994021
1.84547
3.49618
5.04309
6.57109
8.1612
9.89022
11.8308
14.0432
16.5602
19.3746
22.4384
25.6675
28.9416
32.0978
34.9262
37.183
38.617
39.0013
38.157
35.9748
32.4382
27.6481
21.8348
15.3455
8.6125
2.11388
-3.66416
-8.26819
-11.3276
-12.6084
-12.0532
-9.79373
-6.13617
-1.52846
3.48304
8.30817
12.3782
15.2119
16.4667
15.9672
13.7122
9.86845
4.75198
-1.20602
-7.51019
-13.6604
-19.2074
-23.796
-27.1949
-29.3143
-30.2092
-30.0667
-29.1772
-27.8975
-26.6109
-25.689
-25.4551
-26.1491
-27.8957
-30.6806
-34.3374
-38.5471
-42.8515
-46.6818
-49.4004
-50.3562
-48.9512
-44.714
-37.3738
-26.9201
-13.6363
1.90076
18.8515
36.1728
52.7002
67.2525
78.7495
86.3274
89.4325
87.8789
81.8676
71.9668
59.0581
44.2501
28.7665
13.8245
0.520658
-10.2625
-17.9203
-22.1593
-23.0001
-20.75
-15.9513
-9.31252
-1.6318
6.27974
13.6681
19.8953
24.4825
27.1371
27.7626
26.4539
23.474
19.2183
14.1662
8.8319
3.71755
-0.7289
-4.15134
-6.31661
-7.13298
-6.65045
-5.04308
-2.57925
0.412958
3.58189
6.58889
9.14338
11.0313
12.1318
12.4194
11.9545
10.8652
9.32225
7.50884
5.59069
3.69089
1.87479
0.145233
-1.55441
-3.3311
-5.32597
-7.68984
-10.5523
-13.9907
-18.0059
-22.5103
-27.3272
-32.2011
-36.8169
-40.8295
-43.8986
-45.7273
-46.0948
-44.8812
-42.0817
-37.8102
-32.2906
-25.8345
-18.8085
-11.5958
-4.56158
1.97472
7.75896
12.6161
16.4567
19.2722
21.1192
22.0958
22.3182
21.9051
20.967
19.601
17.8863
15.8848
13.6458
11.214
8.63689
5.96798
3.2681
0.605234
-1.94628
-4.30909
-6.40838
-8.17732
-9.55972
-10.5098
-10.9918
-10.9805
-10.4629
-9.43981
-7.92778
-5.96268
-3.60364
-0.934605
1.93849
4.89288
7.79313
10.4943
12.8487
14.7192
15.996
16.6095
16.5331
15.7802
14.4011
12.4828
10.146
7.53423
4.79702
2.07433
-0.511431
-2.85788
-4.88538
-6.54184
-7.80571
-8.68321
-9.20122
-9.40101
-9.33485
-9.06277
-8.64613
-8.13997
-7.58923
-7.03004
-6.49172
-5.99429
-5.54323
-5.12799
-4.7281
-4.32198
-3.89116
-3.41798
-2.88303
-2.26828
-1.56456
-0.776264
0.080665
0.983921
1.90709
2.81838
3.68077
4.45664
5.11367
5.62642
5.9736
6.13663
6.10387
5.87677
5.47059
4.90788
4.21139
3.40384
2.51372
1.57854
0.640162
-0.264098
-1.10579
-1.86199
-2.51016
-3.02838
-3.40095
-3.62268
-3.69752
-3.63426
-3.44489
-3.14663
-2.76271
-2.31867
-1.83715
-1.33696
-0.836812
-0.357721
0.081057
0.46946
0.809165
1.10754
1.3689
1.59196
1.77538
1.92386
2.0472
2.15316
2.24195
2.308
2.3457
2.35208
2.32377
2.2535
2.13128
1.9499
1.70862
1.41127
1.06183
0.663127
0.220418
-0.254404
-0.742673
-1.22284
-1.67428
-2.07821
-2.41696
-2.67461
-2.83927
-2.90453
-2.86876
-2.73379
-2.50559
-2.19647
-1.82574
-1.41642
-0.99014
-0.56427
-0.153048
0.230062
0.572457
0.865299
1.10601
1.29753
1.44509
1.55368
1.62761
1.67064
1.68457
1.66654
1.60782
1.49518
1.31358
1.04733
0.6799
0.194939
-0.419307
-1.16374
-2.02412
-2.971
-3.96203
-4.94361
-5.85102
-6.61002
-7.14289
-7.37844
-7.2625
-6.76559
-5.88757
-4.66104
-3.15355
-1.46651
0.271531
1.91669
3.32331
4.35678
4.90567
4.89444
4.29595
3.13977
1.51208
-0.453055
-2.58755
-4.70383
-6.6092
-8.12173
-9.08853
-9.40336
-9.01819
-7.9457
-6.25376
-4.05634
-1.50373
1.22856
3.95369
6.48989
8.67579
10.381
11.511
12.0089
11.856
11.0727
9.71631
7.87501
5.65969
3.19591
0.618746
-1.93128
-4.31389
-6.39816
-8.07327
-9.25719
-9.90098
-9.98924
-9.53939
-8.601
-7.25438
-5.60549
-3.77628
-1.89187
-0.0684614
1.59523
3.02237
4.15983
4.97932
5.47766
5.67532
5.61185
5.33876
4.91175
4.38457
3.80542
3.2154
2.64783
2.12744
1.66982
1.28164
0.962207
0.706048
0.505525
0.352662
0.239828
0.15967
0.104941
0.0686848
0.0447914
0.0285784
0.0170487
0.00867561
0.002855
-0.000688628
-0.00230024
-0.00251053
-0.00194068
-0.00113695
-0.000453819
-3.30555e-05
0.000140441
0.000154827
0.000102451
4.47524e-05
7.4965e-06
-7.73245e-06
-9.27108e-06
-5.70632e-06
-2.09438e-06
-8.95403e-08
5.16782e-07
4.35161e-07
2.00446e-07
3.94917e-08
-2.12271e-08
-2.51172e-08
-1.27657e-08
-3.01855e-09
8.44469e-10
1.22705e-09
6.14617e-10
1.32807e-10
-4.30306e-11
-5.24024e-11
-2.26491e-11
-3.20717e-12
2.34108e-12
1.85659e-12
5.88178e-13
-6.03243e-15
-9.94277e-14
-4.82171e-14
-7.81897e-15
3.58699e-15
2.77067e-15
7.14591e-16
-7.46122e-17
-1.26036e-16
-4.09644e-17
-1.61559e-19
4.88888e-18
1.7864e-18
7.00766e-20
-1.71299e-19
-6.24466e-20
-1.86858e-21
5.5482e-21
1.73505e-21
-3.6996e-23
-1.59826e-22
-3.52876e-23
4.74379e-24
3.69367e-24
3.87101e-25
-1.84817e-25
-5.69099e-26
2.74539e-27
3.76872e-27
3.2077e-28
-1.64357e-28
-3.18447e-29
5.13259e-30
1.73618e-30
-1.23437e-31
-7.04344e-32
3.06409e-33
2.30074e-33
-1.24344e-34
-5.89556e-35
5.90039e-36
9.33095e-37
-1.94924e-37
3.00291e-39
2.68141e-39
-4.07443e-40
3.22587e-41
-1.64219e-42
5.684e-44
-1.35341e-45
2.1929e-47
-2.34975e-49
1.58759e-51
-6.28621e-54
1.30073e-56
-1.17401e-59
3.01833e-63
-1.50088e-67
0
0
0
0
0
0
0
0
0
0
0
0
0
0
0
0
0
0
0
0
