0
0
0
0
0
0
0
0
0
0
0
0
0
0
0
0
0
0
0
0
0
0
0
0
0
0
0
0
0
0
0
0
0
0
0
0
0
0
0
0
0
0
0
0
0
0
0
0
0
0
0
0
0
0
0
0
0
0
0
0
0
0
0
0
0
0
0
0
0
0
0
0
0
0
0
0
0
0
0
0
0
0
0
0
0
0
0
0
0
0
0
0
0
0
0
0
0
0
0
0
0
0
0
0
0
0
0
0
0
0
0
0
0
0
0
0
0
0
0
0
0
0
0
0
0
-0
-0
-0
-0
-0
0
0
0
0
0
-0
-0
-0
-0
-0
-0
0
0
0
0
0
0
-0
-0
-0
-0
-0
-0
0
0
0
0
0
0
-0
-0
-0
-0
-0
-0
-0
0
0
0
0
0
0
0
0
0
-0
-0
-0
-0
-0
-0
-0
-0
-0
-0
-0
-0
-0
-0
-0
-0
-0
-0
-0
-0
-0
-0
-0
-0
-0
-0
-0
-0
-0
-0
-0
-0
-0
-0
-0
-0
-0
-0
-0
-0
-0
-0
-0
-0
-2.13404e-16
-4.74079e-15
-1.57197e-14
-3.39391e-14
-6.01767e-14
-9.50557e-14
-1.38873e-13
-1.91519e-13
-2.52573e-13
-3.21523e-13
-3.97935e-13
-4.81382e-13
-5.7116e-13
-6.65983e-13
-7.63995e-13
-8.63245e-13
-9.62392e-13
-1.0612e-12
-1.16038e-12
-1.26071e-12
-1.36202e-12
-1.46274e-12
-1.56033e-12
-1.65257e-12
-1.73867e-12
-1.81941e-12
-1.89617e-12
-1.96946e-12
-2.03799e-12
-2.10625e-12
-2.17744e-12
-2.2505e-12
-2.32593e-12
-2.40529e-12
-2.48962e-12
-2.578e-12
-2.66705e-12
-2.75203e-12
-2.82865e-12
-2.89435e-12
-2.94776e-12
-2.98696e-12
-3.00799e-12
-3.005e-12
-2.97191e-12
-2.90441e-12
-2.80107e-12
-2.66367e-12
-2.49697e-12
-2.30808e-12
-2.10555e-12
-1.89924e-12
-1.7023e-12
-1.53493e-12
-1.42682e-12
-1.41501e-12
-1.53747e-12
-1.82764e-12
-2.31439e-12
-3.02606e-12
-3.99187e-12
-5.23609e-12
-6.76802e-12
-8.57517e-12
-1.06225e-11
-1.28527e-11
-1.51832e-11
-1.75e-11
-1.96592e-11
-2.14943e-11
-2.2824e-11
-2.34502e-11
-2.31541e-11
-2.17042e-11
-1.88848e-11
-1.45279e-11
-8.52765e-12
-8.34527e-13
8.54879e-12
1.95464e-11
3.19708e-11
4.5499e-11
5.96837e-11
7.39833e-11
8.77809e-11
1.00383e-10
1.11022e-10
1.18897e-10
1.23226e-10
1.23304e-10
1.1852e-10
1.08384e-10
9.25819e-11
7.10451e-11
4.4e-11
1.19575e-11
-2.43243e-11
-6.3854e-11
-1.05382e-10
-1.47384e-10
-1.88118e-10
-2.25744e-10
-2.58452e-10
-2.84538e-10
-3.02436e-10
-3.10763e-10
-3.0841e-10
-2.94656e-10
-2.69259e-10
-2.32488e-10
-1.85116e-10
-1.28399e-10
-6.40323e-11
5.9062e-12
7.90479e-11
1.52818e-10
2.24515e-10
2.91403e-10
3.50839e-10
4.0045e-10
4.38302e-10
4.63008e-10
4.73775e-10
4.70391e-10
4.53207e-10
4.23113e-10
3.81494e-10
3.30167e-10
2.71279e-10
2.07197e-10
1.40407e-10
7.34065e-11
8.60213e-12
-5.17964e-11
-1.05868e-10
-1.52048e-10
-1.89174e-10
-2.1651e-10
-2.33749e-10
-2.41011e-10
-2.38803e-10
-2.27976e-10
-2.09648e-10
-1.85139e-10
-1.55895e-10
-1.23418e-10
-8.91934e-11
-5.46222e-11
-2.09701e-11
1.06758e-11
3.94335e-11
6.46436e-11
8.58729e-11
1.02904e-10
1.15717e-10
1.24459e-10
1.29418e-10
1.30986e-10
1.29622e-10
1.25818e-10
1.20064e-10
1.12827e-10
1.04534e-10
9.5551e-11
8.61816e-11
7.66604e-11
6.71603e-11
5.78005e-11
4.86568e-11
3.97725e-11
3.11709e-11
2.28676e-11
1.48803e-11
7.23362e-12
-3.72904e-14
-6.88382e-12
-1.32426e-11
-1.90367e-11
-2.41806e-11
-2.85863e-11
-3.21698e-11
-3.48572e-11
-3.65909e-11
-3.73343e-11
-3.70764e-11
-3.58342e-11
-3.36551e-11
-3.0617e-11
-2.68267e-11
-2.24155e-11
-1.75337e-11
-1.23434e-11
-7.01274e-12
-1.7095e-12
3.40467e-12
8.18015e-12
1.24855e-11
1.62128e-11
1.92811e-11
2.16379e-11
2.32583e-11
2.41444e-11
2.43232e-11
2.38445e-11
2.27765e-11
2.12022e-11
1.92149e-11
1.69141e-11
1.44002e-11
1.17696e-11
9.11144e-12
6.50505e-12
4.0192e-12
1.71041e-12
-3.78274e-13
-2.21779e-12
-3.79255e-12
-5.09936e-12
-6.14589e-12
-6.94836e-12
-7.52875e-12
-7.91272e-12
-8.1288e-12
-8.20801e-12
-8.1824e-12
-8.08243e-12
-7.93478e-12
-7.76166e-12
-7.58139e-12
-7.40927e-12
-7.25781e-12
-7.13669e-12
-7.0525e-12
-7.0083e-12
-7.0038e-12
-7.03669e-12
-7.10472e-12
-7.2068e-12
-7.34212e-12
-7.5086e-12
-7.70283e-12
-7.92172e-12
-8.16403e-12
-8.43e-12
-8.71987e-12
-9.03326e-12
-9.37004e-12
-9.73079e-12
-1.01159e-11
-1.05243e-11
-1.0954e-11
-1.14041e-11
-1.18753e-11
-1.23678e-11
-1.28785e-11
-1.34016e-11
-1.39318e-11
-1.4468e-11
-1.50111e-11
-1.55597e-11
-1.61072e-11
-1.66462e-11
-1.71736e-11
-1.76907e-11
-1.81993e-11
-1.86968e-11
-1.9178e-11
-1.96393e-11
-2.00815e-11
-2.05072e-11
-2.09174e-11
-2.13113e-11
-2.16876e-11
-2.20458e-11
-2.23861e-11
-2.27092e-11
-2.30166e-11
-2.33101e-11
-2.35898e-11
-2.38532e-11
-2.40977e-11
-2.43238e-11
-2.45345e-11
-2.47313e-11
-2.49119e-11
-2.50723e-11
-2.52108e-11
-2.53285e-11
-2.54271e-11
-2.55063e-11
-2.55645e-11
-2.55999e-11
-2.56117e-11
-2.55995e-11
-2.55637e-11
-2.55056e-11
-2.54266e-11
-2.5326e-11
-2.52022e-11
-2.50544e-11
-2.48846e-11
-2.46959e-11
-2.44901e-11
-2.42668e-11
-2.40253e-11
-2.37664e-11
-2.34918e-11
-2.3204e-11
-2.29053e-11
-2.25972e-11
-2.228e-11
-2.18792e-11
-2.13389e-11
-2.06708e-11
-1.98885e-11
-1.90052e-11
-1.8033e-11
-1.69849e-11
-1.58762e-11
-1.47232e-11
-1.35416e-11
-1.23463e-11
-1.11514e-11
-9.97019e-12
-8.81507e-12
-7.69772e-12
-6.62957e-12
-5.62116e-12
-4.68102e-12
-3.81568e-12
-3.03062e-12
-2.33086e-12
-1.72045e-12
-1.20196e-12
-7.766e-13
-4.44681e-13
-2.05758e-13
-5.85773e-14
-1.06208e-15
-0
-0
-0
-0
-0
-0
-0
-0
-0
-0
-0
-0
-0
-0
-0
-0
-0
-0
-0
-0
-0
-0
-0
-0
-0
-0
-0
-0
-0
-0
-0
-0
-0
-0
-0
-0
-0
-0
-0
-0
-0
-0
-0
-0
-0
-0
-0
-0
-0
-0
-0
-0
-0
-0
-0
-0
-0
-0
-0
-0
-0
-0
-0
-0
-0
-0
-0
-0
-0
-0
-0
-0
-0
-0
-0
-0
-0
-0
-0
-0
-0
-0
-0
-0
-0
-0
-0
-0
-0
-0
-0
-0
-0
-0
-0
-0
-0
-0
-0
-0
-0
-0
-0
-0
-0
-0
-0
-0
-0
-0
0
0
0
0
0
0
0
0
0
0
0
0
0
0
0
0
0
0
0
0
0
0
0
0
0
0
0
0
0
0
0
0
0
0
0
0
0
0
0
0
0
0
0
0
0
0
0
0
0
0
0
0
0
0
0
0
0
0
0
0
0
0
0
0
0
0
0
0
0
0
0
0
0
0
0
-0
-0
-0
-0
-0
-0
-0
-0
-0
-0
-0
-0
-0
-0
-0
-0
-0
-0
-0
-0
-0
-0
-0
-0
-0
-0
-0
-0
-0
-0
0
0
0
0
0
0
0
0
0
0
0
0
0
0
0
0
0
0
0
0
0
0
0
0
0
0
