2.14424e-17
1.0552e-16
1.93682e-16
4.41371e-17
-6.75315e-16
-2.14791e-15
-4.22267e-15
-6.49424e-15
-8.66362e-15
-1.09315e-14
-1.40678e-14
-1.89821e-14
-2.59957e-14
-3.43192e-14
-4.21982e-14
-4.77711e-14
-5.01468e-14
-4.99414e-14
-4.87726e-14
-4.78872e-14
-4.6754e-14
-4.26181e-14
-3.14922e-14
-1.01445e-14
2.20752e-14
6.27299e-14
1.07492e-13
1.52318e-13
1.95188e-13
2.36157e-13
2.75522e-13
3.11071e-13
3.36065e-13
3.39223e-13
3.06841e-13
2.25982e-13
8.71736e-14
-1.14475e-13
-3.79732e-13
-7.06286e-13
-1.08913e-12
-1.51949e-12
-1.9825e-12
-2.45421e-12
-2.89927e-12
-3.26968e-12
-3.50513e-12
-3.53499e-12
-3.28165e-12
-2.6656e-12
-1.61154e-12
-5.52413e-14
2.05051e-12
4.73141e-12
7.98872e-12
1.17962e-11
1.60951e-11
2.07875e-11
2.57282e-11
3.07209e-11
3.55204e-11
3.98426e-11
4.3382e-11
4.5833e-11
4.69102e-11
4.63733e-11
4.40577e-11
3.98116e-11
3.35346e-11
2.51984e-11
1.48655e-11
2.70535e-12
-1.09974e-11
-2.58452e-11
-4.13384e-11
-5.6894e-11
-7.18702e-11
-8.55947e-11
-9.7395e-11
-1.06628e-10
-1.12708e-10
-1.15138e-10
-1.13539e-10
-1.07677e-10
-9.74812e-11
-8.30552e-11
-6.46771e-11
-4.28042e-11
-1.80674e-11
8.74635e-12
3.67294e-11
6.48978e-11
9.22383e-11
1.17753e-10
1.40506e-10
1.59668e-10
1.74558e-10
1.8467e-10
1.89685e-10
1.89481e-10
1.84146e-10
1.73976e-10
1.59458e-10
1.41235e-10
1.20063e-10
9.67852e-11
7.2298e-11
4.75211e-11
2.33463e-11
5.91862e-13
-2.00276e-11
-3.79162e-11
-5.26123e-11
-6.3808e-11
-7.13625e-11
-7.52944e-11
-7.57572e-11
-7.30179e-11
-6.74467e-11
-5.9507e-11
-4.97272e-11
-3.86585e-11
-2.68382e-11
-1.47741e-11
-2.93971e-12
8.23834e-12
1.84043e-11
2.7292e-11
3.47243e-11
4.0601e-11
4.48904e-11
4.76293e-11
4.89208e-11
4.8918e-11
4.78035e-11
4.57747e-11
4.30405e-11
3.98155e-11
3.63071e-11
3.27004e-11
2.91508e-11
2.57862e-11
2.2709e-11
1.9994e-11
1.7687e-11
1.58071e-11
1.4352e-11
1.33012e-11
1.26172e-11
1.22508e-11
1.21498e-11
1.22639e-11
1.25437e-11
1.29375e-11
1.33945e-11
1.38724e-11
1.43406e-11
1.47774e-11
1.51646e-11
1.54877e-11
1.57388e-11
1.59178e-11
1.60279e-11
1.60733e-11
1.60602e-11
1.59982e-11
1.58982e-11
1.57687e-11
1.56154e-11
1.54442e-11
1.52626e-11
1.50774e-11
1.48923e-11
1.47092e-11
1.45305e-11
1.43593e-11
1.41964e-11
1.40403e-11
1.38905e-11
1.37494e-11
1.36196e-11
1.35008e-11
1.33907e-11
1.32882e-11
1.31959e-11
1.31167e-11
1.30522e-11
1.30019e-11
1.29658e-11
1.29437e-11
1.29346e-11
1.29363e-11
1.29471e-11
1.29654e-11
1.29876e-11
1.30061e-11
1.30123e-11
1.29994e-11
1.29622e-11
1.28938e-11
1.27845e-11
1.26239e-11
1.24038e-11
1.21188e-11
1.17649e-11
1.13397e-11
1.0844e-11
1.02815e-11
9.65858e-12
8.9839e-12
8.27061e-12
7.53693e-12
6.80406e-12
6.09365e-12
5.42776e-12
4.83039e-12
4.32737e-12
3.94349e-12
3.69966e-12
3.61237e-12
3.69408e-12
3.9523e-12
4.38806e-12
4.99547e-12
5.76234e-12
6.67025e-12
7.69366e-12
8.80019e-12
9.95277e-12
1.1112e-11
1.22372e-11
1.32863e-11
1.42185e-11
1.49963e-11
1.55884e-11
1.59694e-11
1.61203e-11
1.60297e-11
1.56955e-11
1.5125e-11
1.43345e-11
1.3348e-11
1.21958e-11
1.09135e-11
9.53938e-12
8.11381e-12
6.67809e-12
5.27335e-12
3.93764e-12
2.70295e-12
1.59417e-12
6.29639e-13
-1.78312e-13
-8.23681e-13
-1.3073e-12
-1.63674e-12
-1.82573e-12
-1.89304e-12
-1.86056e-12
-1.7508e-12
-1.58529e-12
-1.38457e-12
-1.16843e-12
-9.54786e-13
-7.57584e-13
-5.85564e-13
-4.42802e-13
-3.29845e-13
-2.4425e-13
-1.80843e-13
-1.32323e-13
-8.99649e-14
-4.39758e-14
1.58332e-14
9.83619e-14
2.09506e-13
3.52166e-13
5.2775e-13
7.36849e-13
9.77832e-13
1.24518e-12
1.52988e-12
1.82163e-12
2.11042e-12
2.38654e-12
2.64026e-12
2.86224e-12
3.04409e-12
3.17847e-12
3.25943e-12
3.28382e-12
3.25225e-12
3.1682e-12
3.03588e-12
2.85931e-12
2.64368e-12
2.39673e-12
2.12807e-12
1.84711e-12
1.56181e-12
1.27918e-12
1.00594e-12
7.48266e-13
5.11023e-13
2.97619e-13
1.10367e-13
-4.92997e-14
-1.81083e-13
-2.86178e-13
-3.67276e-13
-4.27959e-13
-4.71674e-13
-5.01126e-13
-5.18855e-13
-5.2848e-13
-5.34853e-13
-5.42354e-13
-5.53132e-13
-5.6757e-13
-5.86507e-13
-6.12316e-13
-6.47471e-13
-6.92682e-13
-7.47097e-13
-8.0994e-13
-8.81112e-13
-9.60269e-13
-1.04633e-12
-1.13832e-12
-1.23602e-12
-1.33908e-12
-1.44606e-12
-1.55525e-12
-1.66637e-12
-1.78054e-12
-1.89842e-12
-2.01908e-12
-2.14115e-12
-2.26446e-12
-2.38978e-12
-2.51739e-12
-2.64686e-12
-2.77783e-12
-2.91037e-12
-3.04405e-12
-3.1773e-12
-3.30839e-12
-3.43625e-12
-3.55994e-12
-3.67728e-12
-3.78483e-12
-3.87928e-12
-3.95827e-12
-4.01981e-12
-4.0614e-12
-4.08022e-12
-4.07373e-12
-4.04009e-12
-3.97801e-12
-3.88719e-12
-3.76872e-12
-3.62492e-12
-3.45884e-12
-3.27409e-12
-3.07543e-12
-2.86911e-12
-2.66245e-12
-2.46324e-12
-2.27974e-12
-2.1205e-12
-1.99393e-12
-1.90768e-12
-1.86872e-12
-1.88331e-12
-1.9564e-12
-2.09059e-12
-2.28598e-12
-2.54086e-12
-2.85215e-12
-3.21473e-12
-3.62082e-12
-4.06041e-12
-4.52218e-12
-4.99379e-12
-5.46176e-12
-5.91207e-12
-6.33136e-12
-6.70755e-12
-7.02943e-12
-7.28659e-12
-7.47034e-12
-7.57496e-12
-7.59777e-12
-7.53842e-12
-7.39884e-12
-7.18376e-12
-6.90068e-12
-6.55891e-12
-6.16888e-12
-5.74235e-12
-5.29251e-12
-4.83317e-12
-4.37751e-12
-3.93768e-12
-3.52499e-12
-3.14972e-12
-2.82018e-12
-2.54227e-12
-2.31999e-12
-2.15585e-12
-2.05051e-12
-2.0022e-12
-2.00713e-12
-2.06035e-12
-2.15603e-12
-2.28724e-12
-2.44623e-12
-2.6253e-12
-2.81739e-12
-3.01568e-12
-3.21333e-12
-3.40401e-12
-3.58262e-12
-3.74528e-12
-3.88896e-12
-4.01141e-12
-4.11167e-12
-4.18987e-12
-4.24652e-12
-4.28212e-12
-4.29764e-12
-4.29505e-12
-4.27692e-12
-4.2457e-12
-4.20358e-12
-4.15271e-12
-4.09515e-12
-4.0324e-12
-3.9655e-12
-3.89579e-12
-3.82503e-12
-3.75471e-12
-3.68541e-12
-3.61704e-12
-3.54965e-12
-3.48357e-12
-3.41905e-12
-3.3562e-12
-3.29534e-12
-3.23689e-12
-3.18083e-12
-3.1266e-12
-3.07381e-12
-3.02278e-12
-2.97422e-12
-2.92837e-12
-2.88504e-12
-2.84413e-12
-2.80586e-12
-2.77032e-12
-2.73737e-12
-2.70698e-12
-2.67947e-12
-2.65506e-12
-2.63342e-12
-2.61411e-12
-2.59712e-12
-2.58269e-12
-2.57064e-12
-2.56034e-12
-2.55138e-12
-2.54383e-12
-2.53784e-12
-2.53308e-12
-2.52904e-12
-2.52542e-12
-2.52207e-12
-2.51862e-12
-2.51474e-12
-2.51053e-12
-2.50636e-12
-2.50212e-12
-2.49704e-12
-2.49049e-12
-2.48259e-12
-2.47393e-12
-2.46483e-12
-2.45516e-12
-2.44474e-12
-2.43347e-12
-2.42113e-12
-2.40763e-12
-2.39341e-12
-2.37934e-12
-2.36581e-12
-2.35235e-12
-2.33825e-12
-2.32351e-12
-2.30879e-12
-2.29471e-12
-2.28141e-12
-2.26878e-12
-2.25664e-12
-2.24466e-12
-2.23245e-12
-2.22009e-12
-2.20827e-12
-2.19752e-12
-2.18746e-12
-2.17705e-12
-2.16565e-12
-2.15355e-12
-2.14143e-12
-2.12959e-12
-2.11773e-12
-2.10532e-12
-2.09194e-12
-2.07753e-12
-2.06247e-12
-2.04725e-12
-2.03204e-12
-2.01658e-12
-2.00065e-12
-1.98441e-12
-1.9681e-12
-1.95165e-12
-1.93507e-12
-1.91897e-12
-1.90412e-12
-1.89028e-12
-1.87624e-12
-1.8614e-12
-1.84688e-12
-1.83437e-12
-1.82392e-12
-1.81383e-12
-1.80275e-12
-1.79125e-12
-1.78089e-12
-1.77217e-12
-1.76413e-12
-1.75579e-12
-1.74709e-12
-1.73841e-12
-1.72986e-12
-1.72138e-12
-1.71317e-12
-1.70533e-12
-1.69738e-12
-1.68865e-12
-1.67926e-12
-1.67e-12
-1.66138e-12
-1.65292e-12
-1.64391e-12
-1.63433e-12
-1.62474e-12
-1.61544e-12
-1.60617e-12
-1.59664e-12
-1.587e-12
-1.57759e-12
-1.56837e-12
-1.55901e-12
-1.54926e-12
-1.53929e-12
-1.5295e-12
-1.52009e-12
-1.51083e-12
-1.50129e-12
-1.49118e-12
-1.48068e-12
-1.47025e-12
-1.46017e-12
-1.45023e-12
-1.43997e-12
-1.42913e-12
-1.41781e-12
-1.40624e-12
-1.3947e-12
-1.38336e-12
-1.37212e-12
-1.36051e-12
-1.34802e-12
-1.33478e-12
-1.32157e-12
-1.30904e-12
-1.29688e-12
-1.28412e-12
-1.27031e-12
-1.25592e-12
-1.2418e-12
-1.22822e-12
-1.21483e-12
-1.20114e-12
-1.18694e-12
-1.17227e-12
-1.15739e-12
-1.14275e-12
-1.12864e-12
-1.11484e-12
-1.10067e-12
-1.08567e-12
-1.07018e-12
-1.05502e-12
-1.04058e-12
-1.02646e-12
-1.01187e-12
-9.96471e-13
-9.80574e-13
-9.64774e-13
-9.49405e-13
-9.34288e-13
-9.18915e-13
-9.02877e-13
-8.86188e-13
-8.69251e-13
-8.52519e-13
-8.36122e-13
-8.19774e-13
-8.03001e-13
-7.85545e-13
-7.67649e-13
-7.49937e-13
-7.32873e-13
-7.16284e-13
-6.99528e-13
-6.82234e-13
-6.64764e-13
-6.47844e-13
-6.31822e-13
-6.16473e-13
-6.01443e-13
-5.86656e-13
-5.72254e-13
-5.58453e-13
-5.45577e-13
-5.33999e-13
-5.23757e-13
-5.14393e-13
-5.05504e-13
-4.97404e-13
-4.90927e-13
-4.865e-13
-4.83731e-13
-4.82057e-13
-4.81501e-13
-4.82529e-13
-4.8543e-13
-4.9019e-13
-4.96844e-13
-5.05489e-13
-5.15943e-13
-5.27841e-13
-5.41249e-13
-5.56816e-13
-5.7501e-13
-5.95483e-13
-6.17568e-13
-6.41238e-13
-6.67147e-13
-6.95786e-13
-7.27084e-13
-7.60896e-13
-7.97436e-13
-8.36967e-13
-8.79484e-13
-9.25067e-13
-9.74293e-13
-1.02779e-12
-1.0855e-12
-1.14687e-12
-1.2118e-12
-1.28087e-12
-1.35452e-12
-1.43238e-12
-1.51369e-12
-1.59808e-12
-1.68535e-12
-1.77493e-12
-1.8659e-12
-1.95761e-12
-2.04957e-12
-2.14087e-12
-2.23e-12
-2.31575e-12
-2.39774e-12
-2.47573e-12
-2.54886e-12
-2.616e-12
-2.67669e-12
-2.7312e-12
-2.77987e-12
-2.82279e-12
-2.86046e-12
-2.89407e-12
-2.92494e-12
-2.95404e-12
-2.98258e-12
-3.01261e-12
-3.04655e-12
-3.08623e-12
-3.13289e-12
-3.1881e-12
-3.25402e-12
-3.33254e-12
-3.42472e-12
-3.53122e-12
-3.65293e-12
-3.79057e-12
-3.94406e-12
-4.11273e-12
-4.29611e-12
-4.4939e-12
-4.70506e-12
-4.92765e-12
-5.15975e-12
-5.4001e-12
-5.6475e-12
-5.9e-12
-6.15532e-12
-6.41175e-12
-6.66811e-12
-6.92301e-12
-7.17475e-12
-7.42207e-12
-7.66451e-12
-7.90154e-12
-8.13214e-12
-8.35106e-12
-8.5529e-12
-8.73749e-12
-8.90419e-12
-9.05196e-12
-9.1803e-12
-9.28943e-12
-9.37948e-12
-9.45008e-12
-9.50089e-12
-9.5322e-12
-9.54435e-12
-9.53716e-12
-9.51024e-12
-9.46381e-12
-9.39854e-12
-9.31468e-12
-9.21198e-12
-9.09046e-12
-8.95082e-12
-8.79389e-12
-8.62007e-12
-8.42968e-12
-8.22356e-12
-8.00287e-12
-7.76854e-12
-7.52133e-12
-7.26235e-12
-6.99319e-12
-6.71528e-12
-6.42967e-12
-6.13753e-12
-5.84048e-12
-5.54024e-12
-5.23824e-12
-4.93568e-12
-4.63394e-12
-4.3346e-12
-4.03905e-12
-3.74843e-12
-3.46388e-12
-3.18668e-12
-2.91798e-12
-2.65861e-12
-2.4093e-12
-2.17089e-12
-1.94415e-12
-1.72963e-12
-1.52768e-12
-1.33861e-12
-1.1627e-12
-1.00013e-12
-8.50915e-13
-7.14963e-13
-5.92167e-13
-4.8233e-13
-3.85136e-13
-3.00196e-13
-2.27089e-13
-1.6535e-13
-1.14437e-13
-7.37544e-14
-4.26788e-14
-2.05648e-14
-6.74015e-15
-5.16314e-16
-0
-0
-0
-0
