-50.3663
-62.5132
-72.9521
-81.1959
-86.9755
-90.2141
-91.0526
-89.8011
-86.8724
-82.7211
-77.7981
-72.5109
-67.1781
-61.9845
-56.9619
-52.0072
-46.9318
-41.5145
-35.5448
-28.8554
-21.3575
-13.0762
-4.17258
5.06259
14.2436
22.9387
30.7185
37.1987
42.0756
45.1546
46.3692
45.7874
43.6063
40.1308
35.7376
30.8307
25.8023
21.0104
16.7694
13.3392
10.9056
9.56014
9.29647
10.0283
11.6126
13.8607
16.5345
19.3459
21.9728
24.0877
25.3863
25.6073
24.5502
22.0996
18.2489
13.1099
6.90025
-0.0825672
-7.48874
-14.941
-22.0635
-28.5171
-34.0332
-38.4324
-41.6274
-43.6138
-44.4597
-44.2891
-43.2555
-41.5095
-39.1721
-36.3258
-33.0195
-29.2798
-25.1192
-20.5449
-15.5736
-10.2501
-4.66371
1.04698
6.70136
12.0934
17.0119
21.2617
24.6823
27.1599
28.6336
29.094
28.5774
27.1577
24.9349
22.0251
18.55
14.6295
10.3747
5.88461
1.24807
-3.44579
-8.09453
-12.574
-16.7392
-20.4312
-23.4853
-25.7396
-27.0469
-27.2942
-26.4201
-24.4255
-21.3717
-17.3759
-12.6078
-7.28824
-1.67849
3.94204
9.30272
14.1618
18.3148
21.5963
23.8835
25.1001
25.2177
24.2494
22.2416
19.2669
15.422
10.8257
5.61609
-0.0521733
-6.00796
-12.0613
-18.0032
-23.61
-28.6533
-32.9114
-36.1822
-38.295
-39.1243
-38.602
-36.7251
-33.5585
-29.2307
-23.9239
-17.8636
-11.3053
-4.52112
2.21908
8.66972
14.63
19.9539
24.5461
28.3493
31.3318
33.4806
34.7964
35.2854
34.9491
33.7819
31.7809
28.9648
25.3896
21.156
16.4104
11.3467
6.20824
1.28323
-3.11343
-6.67088
-9.11649
-10.2456
-9.9433
-8.19905
-5.11309
-0.893754
4.15577
9.65963
15.1981
20.3404
24.6792
27.8626
29.621
29.7881
28.3162
25.2831
20.8898
15.4452
9.34278
3.03216
-3.01117
-8.32234
-12.4896
-15.1969
-16.2567
-15.6257
-13.4078
-9.8487
-5.3227
-0.304224
4.6793
9.10556
12.5115
14.5331
14.9315
13.6126
10.6412
6.24055
0.771237
-5.31089
-11.5049
-17.3112
-22.2706
-25.9987
-28.2178
-28.7832
-27.6948
-25.0881
-21.2083
-16.3757
-10.9539
-5.32373
0.137458
5.07617
9.18185
12.2024
13.9523
14.3136
13.2335
10.7223
6.85251
1.75882
-4.36383
-11.263
-18.6344
-26.1333
-33.3917
-40.039
-45.7198
-50.1077
-52.9161
-53.9133
-52.9405
-49.9271
-44.9
-37.9858
-29.4126
-19.5141
-8.7311
2.39755
13.258
23.1979
31.573
37.8034
41.4382
42.221
40.1436
35.4744
28.7564
20.7751
12.4988
4.99196
-0.694445
-3.64493
-3.19365
0.988442
8.84595
19.934
33.4539
48.3261
63.2944
77.0526
88.3779
96.2535
99.9658
99.1628
93.8728
84.4834
71.6866
56.3989
39.6645
22.5537
6.069
-8.9319
-21.7904
-32.0771
-39.5979
-44.3779
-46.6248
-46.68
-44.9673
-41.9461
-38.071
-33.7564
-29.3483
-25.1064
-21.2025
-17.7319
-14.7295
-12.183
-10.0428
-8.23314
-6.66719
-5.26315
-3.95514
-2.69607
-1.45527
-0.215926
1.02487
2.25506
3.44851
4.56878
5.57403
6.4196
7.05691
7.43043
7.47698
7.13109
6.33589
5.05487
3.27963
1.0327
-1.63159
-4.62475
-7.82189
-11.0645
-14.1714
-16.9568
-19.2484
-20.9024
-21.8155
-21.9324
-21.2526
-19.8308
-17.7701
-15.2104
-12.3125
-9.24271
-6.15959
-3.20234
-0.483946
1.91169
3.92923
5.53934
6.73464
7.52384
7.92479
7.95865
7.64674
7.0102
6.07033
4.84918
3.37102
1.66637
-0.222251
-2.23559
-4.29607
-6.3094
-8.16847
-9.75913
-10.969
-11.6988
-11.8752
-11.4615
-10.4653
-8.94262
-6.99854
-4.78201
-2.47407
-0.270388
1.63893
3.0893
3.95948
4.18582
3.77068
2.78272
1.34867
-0.361634
-2.15391
-3.82985
-5.20799
-6.14308
-6.54063
-6.36429
-5.63549
-4.42694
-2.85171
-1.04861
0.834383
2.65631
4.2962
5.66141
6.69208
7.3623
7.67806
7.67168
7.39365
6.90414
6.26572
5.53768
4.77141
4.00693
3.27172
2.58199
1.94519
1.3624
0.830167
0.342642
-0.105857
-0.518808
-0.897015
-1.23929
-1.54289
-1.80317
-2.01331
-2.16525
-2.25149
-2.2664
-2.2065
-2.07057
-1.86031
-1.58128
-1.24277
-0.856475
-0.435366
0.00637436
0.452742
0.886228
1.28943
1.64671
1.94459
2.17135
2.31716
2.37516
2.34242
2.21968
2.01044
1.72081
1.36021
0.941729
0.481082
-0.00526931
-0.501062
-0.989923
-1.45503
-1.88003
-2.2506
-2.55539
-2.78573
-2.93525
-3.00045
-2.98167
-2.88302
-2.71124
-2.47452
-2.18269
-1.84783
-1.48406
-1.1061
-0.727722
-0.361362
-0.0184802
0.290581
0.557549
0.776974
0.945947
1.06337
1.12993
1.1488
1.12595
1.06918
0.986534
0.885646
0.774107
0.659809
0.550328
0.451856
0.3688
0.304208
0.260086
0.237004
0.23367
0.247395
0.275261
0.314749
0.363269
0.41744
0.473336
0.527577
0.577992
0.623191
0.661788
0.692396
0.714271
0.727492
0.732253
0.7282
0.714842
0.692607
0.663153
0.628462
0.589933
0.548739
0.507063
0.468613
0.437717
0.418152
0.413125
0.426139
0.461188
0.521554
0.608411
0.720796
0.856693
1.01352
1.18712
1.37043
1.55358
1.72547
1.87515
1.99174
2.06381
2.07995
2.03063
1.90972
1.7146
1.44543
1.1054
0.701839
0.246908
-0.243578
-0.752314
-1.26184
-1.75455
-2.21269
-2.61977
-2.96269
-3.23288
-3.42572
-3.53961
-3.57599
-3.5401
-3.44077
-3.28872
-3.09458
-2.86834
-2.61988
-2.35911
-2.09486
-1.83329
-1.57774
-1.32996
-1.09133
-0.862798
-0.644306
-0.435025
-0.234749
-0.0451217
0.130414
0.287468
0.420958
0.524394
0.58939
0.606664
0.568159
0.46871
0.306404
0.0824182
-0.198402
-0.526183
-0.88522
-1.25475
-1.61086
-1.92831
-2.18186
-2.34786
-2.40668
-2.3456
-2.16047
-1.85588
-1.44427
-0.945157
-0.384602
0.20625
0.794032
1.34681
1.83711
2.24349
2.55124
2.75273
2.84777
2.84323
2.75154
2.58869
2.37246
2.12121
1.85278
1.58302
1.32441
1.0854
0.871039
0.684147
0.526098
0.396785
0.294234
0.214759
0.153914
0.10771
0.0732537
0.048529
0.0317325
0.020855
0.0138204
0.00894926
0.00528534
0.00253025
0.000692578
-0.000257784
-0.000525674
-0.000420223
-0.000214265
-5.90909e-05
1.08883e-05
2.29817e-05
1.36463e-05
4.08046e-06
-1.69206e-07
-8.27629e-07
-4.0602e-07
-7.09356e-08
2.47942e-08
1.89396e-08
4.0598e-09
-6.19487e-10
-5.39728e-10
-7.85479e-11
2.22472e-11
8.05147e-12
-2.57193e-13
-3.45087e-13
4.81769e-15
8.40436e-15
-8.64686e-16
2.954e-17
-3.32928e-19
5.78703e-22
0
0
0
0
0
0
0
