35.561
28.8476
22.9333
18.1719
14.7604
12.7629
12.1174
12.6452
14.0707
16.056
18.2476
20.3248
22.0338
23.2005
23.7253
23.5719
22.7569
21.3409
19.4119
17.0598
14.3462
11.2839
7.83773
3.94536
-0.453127
-5.38816
-10.8415
-16.7314
-22.9001
-29.1073
-35.0401
-40.3453
-44.6774
-47.746
-49.3462
-49.3702
-47.8084
-44.7515
-40.3936
-35.0253
-29.0043
-22.7056
-16.4685
-10.5629
-5.18502
-0.47324
3.47592
6.60247
8.88464
10.3334
10.972
10.8095
9.82648
7.98645
5.26496
1.67736
-2.71294
-7.80469
-13.471
-19.557
-25.8631
-32.1327
-38.0639
-43.348
-47.7178
-50.9799
-53.0177
-53.7751
-53.2427
-51.4602
-48.53
-44.623
-39.9627
-34.792
-29.3425
-23.8235
-18.4335
-13.3754
-8.85598
-5.0627
-2.12738
-0.0978247
1.07075
1.50718
1.41077
1.04117
0.70779
0.745979
1.47109
3.11551
5.76762
9.33485
13.5432
17.9705
22.1009
25.3861
27.3072
27.4369
25.5009
21.4311
15.4
7.8195
-0.700229
-9.42655
-17.5986
-24.5207
-29.6395
-32.6008
-33.2833
-31.8113
-28.5418
-24.022
-18.914
-13.8978
-9.56846
-6.34988
-4.4421
-3.8065
-4.18581
-5.1512
-6.16974
-6.68675
-6.21495
-4.41711
-1.16617
3.4301
9.04369
15.1741
21.2175
26.5455
30.5851
32.8899
33.1955
31.4488
27.8062
22.604
16.3101
9.46951
2.65142
-3.59858
-8.80098
-12.5785
-14.683
-15.0098
-13.6006
-10.6384
-6.43557
-1.41673
3.91019
8.9955
13.3005
16.3535
17.8016
17.4534
15.3099
11.5811
6.67975
1.18278
-4.23895
-8.91377
-12.263
-13.8757
-13.5537
-11.3297
-7.46394
-2.4211
3.17786
8.63329
13.2667
16.5219
18.0426
17.7094
15.6373
12.1461
7.71508
2.92517
-1.61226
-5.33734
-7.8199
-8.81346
-8.27157
-6.32922
-3.26496
0.540443
4.64413
8.58694
11.9508
14.4225
15.8449
16.2365
15.7733
14.7419
13.4846
12.3492
11.6479
11.6199
12.3987
13.9902
16.2725
19.0206
21.9463
24.7408
27.1075
28.7859
29.5726
29.3431
28.0707
25.8345
22.8101
19.2495
15.4575
11.7737
8.5572
6.16867
4.94412
5.16252
7.01364
10.5702
15.7624
22.3533
29.9166
37.8335
45.322
51.5073
55.5216
56.612
54.2319
48.1071
38.2768
25.1128
9.31382
-8.13423
-26.0392
-43.1188
-58.1319
-70.0005
-77.9057
-81.3519
-80.2031
-74.6895
-65.381
-53.1246
-38.9497
-23.9586
-9.22305
4.29846
15.8211
24.7763
30.8414
33.9536
34.3009
32.2856
28.4654
23.483
17.9977
12.6264
7.89707
4.21484
1.84507
0.913087
1.41882
3.258
6.24106
10.1067
14.5338
19.1596
23.6041
27.4962
30.4917
32.2787
32.5775
31.147
27.8066
22.4687
15.1693
6.08212
-4.48842
-16.13
-28.3511
-40.6108
-52.3504
-63.0288
-72.1606
-79.3456
-84.2835
-86.7706
-86.6868
-83.9862
-78.6971
-70.9298
-60.8831
-48.8431
-35.1742
-20.3061
-4.72147
11.0563
26.4801
41.0038
54.1125
65.352
74.3512
80.8372
84.6459
85.7293
84.1595
80.1231
73.9038
65.857
56.3826
45.9059
34.8664
23.7086
12.8683
2.75043
-6.29742
-14.0077
-20.205
-24.8068
-27.8174
-29.3199
-29.4669
-28.4666
-26.563
-24.0108
-21.0514
-17.8957
-14.7185
-11.6593
-8.82451
-6.28691
-4.08211
-2.20923
-0.639642
0.666316
1.74208
2.60609
3.26611
3.73261
4.03088
4.20257
4.29498
4.34566
4.37327
4.38095
4.36899
4.34686
4.33567
4.36001
4.43627
4.56655
4.74176
4.94987
5.18134
5.4276
5.675
5.90093
6.07602
6.17036
6.15736
6.01168
5.70429
5.20263
4.48075
3.53643
2.40445
1.15622
-0.115724
-1.31945
-2.37936
-3.23924
-3.85609
-4.19408
-4.22603
-3.94176
-3.3565
-2.51263
-1.47375
-0.315343
0.882874
2.04172
3.08623
3.94988
4.57717
4.92092
4.93328
4.55598
3.71871
2.35111
0.405112
-2.12325
-5.18329
-8.67315
-12.4507
-16.3415
-20.1403
-23.608
-26.4766
-28.4659
-29.312
-28.7979
-26.7792
-23.2027
-18.1189
-11.6934
-4.2128
3.91818
12.1961
20.0522
26.8954
32.1559
35.3285
36.0141
33.9626
29.1116
21.6118
11.827
0.302638
-12.2915
-25.2315
-37.8072
-49.3752
-59.3944
-67.4444
-73.2303
-76.5777
-77.4192
-75.7752
-71.7339
-65.4331
-57.0484
-46.791
-34.9153
-21.7344
-7.63741
6.89993
21.319
35.0013
47.3082
57.6315
65.4448
70.3495
72.1106
70.678
66.1919
58.9678
49.4635
38.2325
25.8755
12.9994
0.186223
-12.0295
-23.1817
-32.8933
-40.8907
-47.0055
-51.1599
-53.3417
-53.5848
-51.9657
-48.6182
-43.756
-37.6849
-30.7939
-23.5244
-16.3297
-9.63791
-3.82383
0.811235
4.05939
5.82883
6.16486
5.25916
3.43783
1.12513
-1.2118
-3.12622
-4.25109
-4.34371
-3.30927
-1.20055
1.80381
5.43619
9.38236
13.321
16.9558
20.0396
22.394
23.9243
24.6268
24.5845
23.9469
22.8977
21.6198
20.2666
18.9468
17.7227
16.6153
15.6128
14.6765
13.7477
12.7552
11.6253
10.2918
8.70391
6.83093
4.66556
2.22699
-0.435456
-3.2402
-6.07571
-8.80834
-11.294
-13.3903
-14.9656
-15.9061
-16.1219
-15.5564
-14.1975
-12.0892
-9.33815
-6.11217
-2.63097
0.848848
4.05118
6.69869
8.53246
9.33406
8.94958
7.31261
4.46124
0.544586
-4.18348
-9.38276
-14.6546
-19.5755
-23.7338
-26.7662
-28.391
-28.4357
-26.8533
-23.7268
-19.2594
-13.7521
-7.57332
-1.12284
5.20355
11.0467
16.1107
20.181
23.1341
24.9371
25.6391
25.3557
24.2494
22.5089
20.3298
17.8984
15.3799
12.9105
10.5936
8.50046
6.67177
5.12272
3.84807
2.82793
2.03307
1.42963
0.982898
0.660057
0.432036
0.274439
0.167774
0.097132
0.0515338
0.0231217
0.00636593
-0.00261368
-0.00656107
-0.00743399
-0.0066237
-0.00508882
-0.00344444
-0.00203416
-0.000998737
-0.000342999
3.53455e-06
0.000138152
0.00015226
0.000114603
6.73272e-05
3.01618e-05
7.95816e-06
-1.94165e-06
-4.3863e-06
-3.5438e-06
-1.96402e-06
-7.48891e-07
-1.1202e-07
1.04582e-07
1.15658e-07
6.73512e-08
2.51242e-08
3.59317e-09
-2.93472e-09
-2.88199e-09
-1.40567e-09
-3.79431e-10
1.87885e-11
8.08484e-11
4.59809e-11
1.35378e-11
3.40091e-13
-1.8664e-12
-1.01978e-12
-2.51788e-13
1.27891e-14
3.66365e-14
1.41957e-14
1.75833e-15
-7.73712e-16
-4.40242e-16
-7.66095e-17
1.26209e-17
9.22727e-18
1.44217e-18
-2.51526e-19
-1.28912e-19
-8.64151e-21
4.47063e-21
7.8146e-22
-9.10965e-23
-2.45934e-23
1.97613e-24
3.59976e-25
-5.26447e-26
2.47138e-27
-4.74528e-29
3.57292e-31
-5.06335e-34
0
0
0
0
0
0
0
0
0
0
0
