0
0
0
0
0
0
0
0
0
0
0
0
0
0
0
0
0
0
0
0
0
0
0
0
0
0
0
0
0
0
0
0
0
0
0
0
0
0
0
0
0
0
0
0
0
0
0
0
0
0
0
0
0
0
0
0
0
0
0
0
0
0
0
0
0
0
0
0
0
0
0
0
0
0
0
0
0
0
0
0
0
0
0
0
0
0
0
0
0
0
0
0
0
0
0
0
0
0
0
0
0
0
0
0
0
0
0
0
0
0
0
0
0
0
0
0
0
0
0
0
0
0
0
-0
-0
-0
-0
-0
0
0
0
0
0
-0
-0
-0
-0
-0
-0
0
0
0
0
0
0
-0
-0
-0
-0
-0
-0
-0
0
0
0
0
0
0
-0
-0
-0
-0
-0
-0
-0
-0
0
0
0
0
0
0
0
0
0
-0
-0
-0
-0
-0
-0
-0
-0
-0
-0
-0
-0
-0
-0
-0
-0
-0
-0
-0
-0
-0
-0
-0
-0
-0
-0
-0
-0
-0
-0
-0
-0
-0
-0
-0
-0
-0
-0
-7.32272e-16
-6.12135e-15
-1.72556e-14
-3.47345e-14
-5.90739e-14
-9.06798e-14
-1.29909e-13
-1.77144e-13
-2.32773e-13
-2.97018e-13
-3.69694e-13
-4.50113e-13
-5.3726e-13
-6.30237e-13
-7.28672e-13
-8.32772e-13
-9.42877e-13
-1.05876e-12
-1.17919e-12
-1.30216e-12
-1.4258e-12
-1.54925e-12
-1.67298e-12
-1.79799e-12
-1.92443e-12
-2.05049e-12
-2.17247e-12
-2.286e-12
-2.38762e-12
-2.47567e-12
-2.54973e-12
-2.61288e-12
-2.6722e-12
-2.72424e-12
-2.76452e-12
-2.79005e-12
-2.80075e-12
-2.79912e-12
-2.78862e-12
-2.77213e-12
-2.75181e-12
-2.73083e-12
-2.71544e-12
-2.71606e-12
-2.74663e-12
-2.82256e-12
-2.95876e-12
-3.1685e-12
-3.46333e-12
-3.85353e-12
-4.34823e-12
-4.95415e-12
-5.67246e-12
-6.49442e-12
-7.39806e-12
-8.34802e-12
-9.29852e-12
-1.01965e-11
-1.09815e-11
-1.15817e-11
-1.19111e-11
-1.18727e-11
-1.13692e-11
-1.03145e-11
-8.63959e-12
-6.29223e-12
-3.23542e-12
5.46186e-13
5.03232e-12
1.01538e-11
1.5789e-11
2.17711e-11
2.78966e-11
3.3929e-11
3.95955e-11
4.45891e-11
4.85821e-11
5.12487e-11
5.22871e-11
5.14339e-11
4.84734e-11
4.3251e-11
3.56937e-11
2.58309e-11
1.38055e-11
-1.28069e-13
-1.56111e-11
-3.21855e-11
-4.92978e-11
-6.63096e-11
-8.25229e-11
-9.72163e-11
-1.09683e-10
-1.19259e-10
-1.2535e-10
-1.27452e-10
-1.25185e-10
-1.18326e-10
-1.06837e-10
-9.08676e-11
-7.07553e-11
-4.70081e-11
-2.02907e-11
8.59195e-12
3.87192e-11
6.90912e-11
9.86737e-11
1.26444e-10
1.51435e-10
1.72772e-10
1.89719e-10
2.01717e-10
2.08416e-10
2.09686e-10
2.05607e-10
1.96452e-10
1.8267e-10
1.64868e-10
1.43788e-10
1.20272e-10
9.52165e-11
6.95294e-11
4.40946e-11
1.97402e-11
-2.79112e-12
-2.28694e-11
-3.99993e-11
-5.3833e-11
-6.41733e-11
-7.09697e-11
-7.43091e-11
-7.44017e-11
-7.15617e-11
-6.61861e-11
-5.87307e-11
-4.96856e-11
-3.95507e-11
-2.8813e-11
-1.79273e-11
-7.30122e-12
2.71588e-12
1.18414e-11
1.98644e-11
2.66462e-11
3.21178e-11
3.62728e-11
3.91598e-11
4.08718e-11
4.15365e-11
4.1306e-11
4.03464e-11
3.88286e-11
3.69183e-11
3.47699e-11
3.25206e-11
3.02874e-11
2.81644e-11
2.62224e-11
2.45084e-11
2.30476e-11
2.18453e-11
2.089e-11
2.01569e-11
1.9612e-11
1.92159e-11
1.89274e-11
1.8705e-11
1.85102e-11
1.83104e-11
1.80818e-11
1.78108e-11
1.74937e-11
1.71375e-11
1.67597e-11
1.63883e-11
1.60594e-11
1.58153e-11
1.57016e-11
1.57654e-11
1.60515e-11
1.65994e-11
1.74391e-11
1.85878e-11
2.00482e-11
2.18051e-11
2.38242e-11
2.60512e-11
2.84136e-11
3.0822e-11
3.31732e-11
3.53535e-11
3.72441e-11
3.87273e-11
3.96932e-11
4.00447e-11
3.97031e-11
3.86133e-11
3.67476e-11
3.4108e-11
3.07264e-11
2.66637e-11
2.20085e-11
1.68739e-11
1.1393e-11
5.71408e-12
-5.38755e-15
-5.60473e-12
-1.09266e-11
-1.58235e-11
-2.01626e-11
-2.38304e-11
-2.67369e-11
-2.88191e-11
-3.00439e-11
-3.04085e-11
-2.99397e-11
-2.86913e-11
-2.67417e-11
-2.41899e-11
-2.11512e-11
-1.77527e-11
-1.41283e-11
-1.04133e-11
-6.73837e-12
-3.22437e-12
2.14299e-14
2.90793e-12
5.36221e-12
7.33119e-12
8.78266e-12
9.70512e-12
1.01067e-11
1.00133e-11
9.4666e-12
8.52021e-12
7.23621e-12
5.68188e-12
3.92725e-12
2.04281e-12
9.6778e-14
-1.84772e-12
-3.73482e-12
-5.51734e-12
-7.1577e-12
-8.62817e-12
-9.91032e-12
-1.09939e-11
-1.18761e-11
-1.25612e-11
-1.30606e-11
-1.33911e-11
-1.35733e-11
-1.36289e-11
-1.35804e-11
-1.34499e-11
-1.32591e-11
-1.30284e-11
-1.27773e-11
-1.25229e-11
-1.228e-11
-1.20597e-11
-1.18702e-11
-1.17175e-11
-1.16066e-11
-1.15412e-11
-1.15233e-11
-1.1553e-11
-1.16291e-11
-1.17495e-11
-1.19112e-11
-1.21114e-11
-1.23472e-11
-1.26161e-11
-1.29151e-11
-1.32406e-11
-1.35884e-11
-1.39546e-11
-1.43363e-11
-1.47304e-11
-1.51343e-11
-1.55452e-11
-1.59602e-11
-1.63764e-11
-1.67907e-11
-1.72002e-11
-1.76033e-11
-1.7999e-11
-1.83862e-11
-1.87627e-11
-1.91265e-11
-1.94761e-11
-1.98112e-11
-2.01316e-11
-2.04369e-11
-2.07264e-11
-2.09995e-11
-2.1256e-11
-2.14956e-11
-2.17176e-11
-2.19215e-11
-2.21073e-11
-2.22758e-11
-2.24269e-11
-2.25595e-11
-2.26716e-11
-2.27621e-11
-2.28322e-11
-2.28837e-11
-2.29165e-11
-2.2928e-11
-2.29155e-11
-2.28791e-11
-2.2822e-11
-2.27463e-11
-2.26507e-11
-2.25323e-11
-2.23904e-11
-2.2228e-11
-2.20483e-11
-2.18518e-11
-2.16371e-11
-2.1404e-11
-2.11546e-11
-2.08917e-11
-2.06165e-11
-2.03292e-11
-2.00309e-11
-1.97234e-11
-1.94083e-11
-1.90863e-11
-1.87586e-11
-1.84271e-11
-1.80938e-11
-1.77594e-11
-1.74241e-11
-1.70893e-11
-1.67572e-11
-1.64298e-11
-1.61074e-11
-1.57549e-11
-1.53301e-11
-1.48413e-11
-1.42962e-11
-1.37012e-11
-1.30628e-11
-1.23885e-11
-1.16867e-11
-1.09649e-11
-1.02289e-11
-9.48388e-12
-8.73545e-12
-7.98949e-12
-7.25137e-12
-6.52581e-12
-5.81713e-12
-5.1297e-12
-4.46795e-12
-3.83646e-12
-3.23994e-12
-2.68314e-12
-2.17053e-12
-1.70616e-12
-1.29364e-12
-9.3612e-13
-6.36044e-13
-3.94757e-13
-2.12335e-13
-8.75897e-14
-1.8142e-14
-0
-0
-0
-0
-0
-0
-0
-0
-0
-0
-0
-0
-0
-0
-0
-0
-0
-0
-0
-0
-0
-0
-0
-0
-0
-0
-0
-0
-0
-0
-0
-0
-0
-0
-0
-0
-0
-0
-0
-0
-0
-0
-0
-0
-0
-0
-0
-0
-0
-0
-0
-0
-0
-0
-0
-0
-0
-0
-0
-0
-0
-0
-0
-0
-0
-0
-0
-0
-0
-0
-0
-0
-0
-0
-0
-0
-0
-0
-0
-0
-0
-0
-0
-0
-0
-0
-0
-0
-0
-0
-0
-0
-0
-0
-0
-0
-0
-0
-0
-0
-0
-0
-0
-0
-0
-0
-0
-0
-0
-0
-0
-0
-0
-0
-0
-0
-0
-0
0
0
0
0
0
0
0
0
0
0
0
0
0
0
0
0
0
0
0
0
0
0
0
0
0
0
0
0
0
0
0
0
0
0
0
0
0
0
0
0
0
0
0
0
0
0
0
0
0
0
0
0
0
0
0
0
0
0
0
0
0
0
0
0
0
0
0
0
0
0
0
0
0
0
0
0
0
0
0
0
0
0
0
0
0
0
0
0
0
0
0
0
0
0
0
0
0
0
0
