-6.68666e-16
-2.2197e-15
-4.82648e-15
-8.39833e-15
-1.23865e-14
-1.57721e-14
-1.72951e-14
-1.58251e-14
-1.06472e-14
-1.45305e-15
1.20001e-14
3.0343e-14
5.47878e-14
8.67587e-14
1.26984e-13
1.74459e-13
2.25911e-13
2.76186e-13
3.19478e-13
3.5072e-13
3.66221e-13
3.63058e-13
3.37533e-13
2.83867e-13
1.94452e-13
6.23063e-14
-1.14951e-13
-3.31365e-13
-5.71059e-13
-8.09582e-13
-1.01724e-12
-1.16209e-12
-1.21038e-12
-1.12392e-12
-8.56028e-13
-3.49612e-13
4.59871e-13
1.63597e-12
3.22984e-12
5.27016e-12
7.7579e-12
1.06667e-11
1.39461e-11
1.75236e-11
2.1302e-11
2.51534e-11
2.89115e-11
3.23707e-11
3.52926e-11
3.74229e-11
3.85127e-11
3.83395e-11
3.67223e-11
3.35316e-11
2.87021e-11
2.22411e-11
1.41949e-11
4.68321e-12
-6.08806e-12
-1.78218e-11
-3.01317e-11
-4.2553e-11
-5.456e-11
-6.55899e-11
-7.50684e-11
-8.24375e-11
-8.71842e-11
-8.88686e-11
-8.71503e-11
-8.18084e-11
-7.27551e-11
-6.00446e-11
-4.38795e-11
-2.46172e-11
-2.77016e-12
2.10023e-11
4.59164e-11
7.10973e-11
9.56216e-11
1.18566e-10
1.39055e-10
1.56313e-10
1.69695e-10
1.7872e-10
1.83081e-10
1.82664e-10
1.77552e-10
1.68021e-10
1.54523e-10
1.37648e-10
1.18096e-10
9.66427e-11
7.41118e-11
5.13407e-11
2.91396e-11
8.25489e-12
-1.06577e-11
-2.70523e-11
-4.05109e-11
-5.07614e-11
-5.76833e-11
-6.12978e-11
-6.1747e-11
-5.92784e-11
-5.42368e-11
-4.70522e-11
-3.82119e-11
-2.82218e-11
-1.75735e-11
-6.73158e-12
3.87132e-12
1.38467e-11
2.28727e-11
3.07112e-11
3.72059e-11
4.22688e-11
4.58722e-11
4.80525e-11
4.89106e-11
4.85962e-11
4.72821e-11
4.51475e-11
4.23784e-11
3.91715e-11
3.57237e-11
3.22105e-11
2.8771e-11
2.55124e-11
2.25222e-11
1.98725e-11
1.76108e-11
1.57527e-11
1.42867e-11
1.31874e-11
1.2423e-11
1.19539e-11
1.17312e-11
1.17014e-11
1.18136e-11
1.20231e-11
1.22892e-11
1.25744e-11
1.28472e-11
1.30847e-11
1.32716e-11
1.33975e-11
1.34558e-11
1.34454e-11
1.33703e-11
1.32357e-11
1.3047e-11
1.28115e-11
1.25407e-11
1.22479e-11
1.19432e-11
1.16315e-11
1.13169e-11
1.10067e-11
1.07107e-11
1.04361e-11
1.01857e-11
9.95988e-12
9.75942e-12
9.58547e-12
9.43782e-12
9.31455e-12
9.21276e-12
9.12815e-12
9.05374e-12
8.98032e-12
8.8989e-12
8.8018e-12
8.6805e-12
8.52303e-12
8.31524e-12
8.04479e-12
7.70348e-12
7.28562e-12
6.78591e-12
6.20032e-12
5.52892e-12
4.77708e-12
3.95461e-12
3.07554e-12
2.15934e-12
1.23131e-12
3.20518e-13
-5.4268e-13
-1.32654e-12
-1.9965e-12
-2.51596e-12
-2.85034e-12
-2.97071e-12
-2.85465e-12
-2.4857e-12
-1.85454e-12
-9.61503e-13
1.81962e-13
1.55398e-12
3.12281e-12
4.84617e-12
6.67111e-12
8.53654e-12
1.03771e-11
1.21259e-11
1.37151e-11
1.50777e-11
1.6151e-11
1.68808e-11
1.72242e-11
1.71512e-11
1.66457e-11
1.57074e-11
1.43522e-11
1.26114e-11
1.05306e-11
8.16841e-12
5.59477e-12
2.88833e-12
1.33526e-13
-2.58295e-12
-5.17637e-12
-7.56828e-12
-9.68921e-12
-1.14794e-11
-1.28893e-11
-1.38833e-11
-1.44431e-11
-1.45689e-11
-1.42768e-11
-1.35942e-11
-1.25593e-11
-1.12217e-11
-9.64152e-12
-7.88463e-12
-6.01853e-12
-4.10972e-12
-2.22228e-12
-4.15161e-13
1.26065e-12
2.76313e-12
4.05861e-12
5.12239e-12
5.94103e-12
6.51335e-12
6.84819e-12
6.96075e-12
6.87115e-12
6.60506e-12
6.19343e-12
5.66994e-12
5.06811e-12
4.41995e-12
3.75558e-12
3.10196e-12
2.48156e-12
1.91239e-12
1.40907e-12
9.82733e-13
6.39583e-13
3.80118e-13
2.00697e-13
9.59219e-14
5.95084e-14
8.36011e-14
1.58414e-13
2.73075e-13
4.16759e-13
5.7928e-13
7.51553e-13
9.26159e-13
1.09737e-12
1.26028e-12
1.4102e-12
1.54332e-12
1.65785e-12
1.75406e-12
1.83302e-12
1.8957e-12
1.94314e-12
1.97685e-12
1.99864e-12
2.01031e-12
2.01401e-12
2.01231e-12
2.00745e-12
2.00031e-12
1.99084e-12
1.97945e-12
1.96764e-12
1.95681e-12
1.94714e-12
1.93789e-12
1.92862e-12
1.91945e-12
1.91043e-12
1.90132e-12
1.89213e-12
1.88323e-12
1.87458e-12
1.86535e-12
1.85478e-12
1.84323e-12
1.83164e-12
1.82027e-12
1.80833e-12
1.79511e-12
1.78069e-12
1.7655e-12
1.74956e-12
1.73267e-12
1.715e-12
1.69682e-12
1.67789e-12
1.65766e-12
1.63619e-12
1.61429e-12
1.59246e-12
1.57027e-12
1.54698e-12
1.52249e-12
1.49724e-12
1.47138e-12
1.44457e-12
1.41664e-12
1.38781e-12
1.35814e-12
1.32724e-12
1.2949e-12
1.26166e-12
1.22814e-12
1.19428e-12
1.15948e-12
1.12356e-12
1.08692e-12
1.04988e-12
1.01218e-12
9.73537e-13
9.34141e-13
8.94273e-13
8.53779e-13
8.12368e-13
7.70292e-13
7.28204e-13
6.86334e-13
6.44272e-13
6.01704e-13
5.58908e-13
5.16263e-13
4.73647e-13
4.30727e-13
3.876e-13
3.44679e-13
3.02027e-13
2.59326e-13
2.16551e-13
1.74215e-13
1.32682e-13
9.1641e-14
5.05535e-14
9.34883e-15
-3.17341e-14
-7.27919e-14
-1.14252e-13
-1.56244e-13
-1.98465e-13
-2.40806e-13
-2.83676e-13
-3.27442e-13
-3.71907e-13
-4.1672e-13
-4.62093e-13
-5.08669e-13
-5.56764e-13
-6.06183e-13
-6.56806e-13
-7.08893e-13
-7.62634e-13
-8.17839e-13
-8.74403e-13
-9.32813e-13
-9.9378e-13
-1.05753e-12
-1.1239e-12
-1.19307e-12
-1.26578e-12
-1.3426e-12
-1.42354e-12
-1.50836e-12
-1.59715e-12
-1.69007e-12
-1.78681e-12
-1.88679e-12
-1.98959e-12
-2.09477e-12
-2.20117e-12
-2.30668e-12
-2.40901e-12
-2.50625e-12
-2.59641e-12
-2.67687e-12
-2.74457e-12
-2.7967e-12
-2.83084e-12
-2.84455e-12
-2.83544e-12
-2.80179e-12
-2.74284e-12
-2.65839e-12
-2.5486e-12
-2.41463e-12
-2.25939e-12
-2.08723e-12
-1.90315e-12
-1.71251e-12
-1.52157e-12
-1.33761e-12
-1.16842e-12
-1.02177e-12
-9.05436e-13
-8.27208e-13
-7.94071e-13
-8.11377e-13
-8.82852e-13
-1.01107e-12
-1.19726e-12
-1.44046e-12
-1.73708e-12
-2.08144e-12
-2.46641e-12
-2.8833e-12
-3.32166e-12
-3.7697e-12
-4.21503e-12
-4.64504e-12
-5.04685e-12
-5.40799e-12
-5.7175e-12
-5.96658e-12
-6.14821e-12
-6.25677e-12
-6.28869e-12
-6.2432e-12
-6.1225e-12
-5.93116e-12
-5.67581e-12
-5.36523e-12
-5.00995e-12
-4.62138e-12
-4.21127e-12
-3.79188e-12
-3.37596e-12
-2.97585e-12
-2.60236e-12
-2.26451e-12
-1.96997e-12
-1.72502e-12
-1.5339e-12
-1.39853e-12
-1.31883e-12
-1.29315e-12
-1.31817e-12
-1.38889e-12
-1.49918e-12
-1.64253e-12
-1.812e-12
-1.99988e-12
-2.19799e-12
-2.39869e-12
-2.59565e-12
-2.78344e-12
-2.95713e-12
-3.11236e-12
-3.24581e-12
-3.35519e-12
-3.43904e-12
-3.4969e-12
-3.52966e-12
-3.53925e-12
-3.52764e-12
-3.49646e-12
-3.44754e-12
-3.38358e-12
-3.3078e-12
-3.22326e-12
-3.13264e-12
-3.03844e-12
-2.94295e-12
-2.84795e-12
-2.75477e-12
-2.66482e-12
-2.57977e-12
-2.50089e-12
-2.42868e-12
-2.36316e-12
-2.30458e-12
-2.25335e-12
-2.2095e-12
-2.17255e-12
-2.14205e-12
-2.11782e-12
-2.0997e-12
-2.08719e-12
-2.07973e-12
-2.07695e-12
-2.07837e-12
-2.08312e-12
-2.09029e-12
-2.09954e-12
-2.11107e-12
-2.12478e-12
-2.13986e-12
-2.15528e-12
-2.17041e-12
-2.18507e-12
-2.19912e-12
-2.21252e-12
-2.22533e-12
-2.23749e-12
-2.24836e-12
-2.25713e-12
-2.26356e-12
-2.26823e-12
-2.27185e-12
-2.27447e-12
-2.2757e-12
-2.27526e-12
-2.27318e-12
-2.26962e-12
-2.26479e-12
-2.25914e-12
-2.25321e-12
-2.24702e-12
-2.24015e-12
-2.23234e-12
-2.22399e-12
-2.21573e-12
-2.20773e-12
-2.19976e-12
-2.19171e-12
-2.18373e-12
-2.17591e-12
-2.16816e-12
-2.16045e-12
-2.15295e-12
-2.14573e-12
-2.13851e-12
-2.13106e-12
-2.12357e-12
-2.11641e-12
-2.10948e-12
-2.10229e-12
-2.09455e-12
-2.08653e-12
-2.07859e-12
-2.07077e-12
-2.06287e-12
-2.05483e-12
-2.04655e-12
-2.03786e-12
-2.02864e-12
-2.01926e-12
-2.01024e-12
-2.00161e-12
-1.99278e-12
-1.98323e-12
-1.97311e-12
-1.96292e-12
-1.95294e-12
-1.94311e-12
-1.9333e-12
-1.92332e-12
-1.91289e-12
-1.90179e-12
-1.89028e-12
-1.87896e-12
-1.86807e-12
-1.85715e-12
-1.84558e-12
-1.83324e-12
-1.82052e-12
-1.80774e-12
-1.79497e-12
-1.78218e-12
-1.76931e-12
-1.75606e-12
-1.74208e-12
-1.72749e-12
-1.71288e-12
-1.69865e-12
-1.68447e-12
-1.66973e-12
-1.6543e-12
-1.63859e-12
-1.6229e-12
-1.60711e-12
-1.591e-12
-1.57473e-12
-1.55845e-12
-1.54196e-12
-1.52491e-12
-1.50739e-12
-1.48988e-12
-1.4727e-12
-1.4556e-12
-1.4381e-12
-1.42004e-12
-1.40176e-12
-1.38375e-12
-1.36622e-12
-1.34889e-12
-1.33129e-12
-1.31331e-12
-1.29546e-12
-1.27842e-12
-1.26218e-12
-1.24603e-12
-1.2295e-12
-1.21318e-12
-1.19803e-12
-1.18409e-12
-1.17048e-12
-1.15666e-12
-1.1433e-12
-1.13137e-12
-1.12079e-12
-1.11071e-12
-1.10076e-12
-1.0916e-12
-1.08394e-12
-1.07752e-12
-1.0717e-12
-1.06642e-12
-1.06222e-12
-1.05939e-12
-1.05761e-12
-1.05661e-12
-1.05653e-12
-1.05762e-12
-1.05973e-12
-1.06267e-12
-1.06666e-12
-1.07202e-12
-1.07858e-12
-1.08578e-12
-1.09345e-12
-1.10219e-12
-1.11261e-12
-1.1245e-12
-1.13704e-12
-1.14977e-12
-1.16313e-12
-1.17788e-12
-1.19424e-12
-1.21169e-12
-1.22952e-12
-1.24753e-12
-1.26613e-12
-1.28582e-12
-1.30669e-12
-1.32832e-12
-1.3502e-12
-1.37216e-12
-1.39435e-12
-1.41699e-12
-1.44019e-12
-1.46394e-12
-1.48805e-12
-1.51218e-12
-1.53604e-12
-1.55991e-12
-1.58446e-12
-1.6101e-12
-1.63652e-12
-1.66321e-12
-1.69033e-12
-1.71876e-12
-1.74923e-12
-1.78179e-12
-1.81636e-12
-1.85332e-12
-1.89337e-12
-1.93684e-12
-1.98371e-12
-2.03421e-12
-2.08894e-12
-2.14825e-12
-2.21182e-12
-2.27911e-12
-2.34988e-12
-2.42408e-12
-2.50125e-12
-2.58047e-12
-2.66078e-12
-2.74134e-12
-2.821e-12
-2.89812e-12
-2.97119e-12
-3.03924e-12
-3.10148e-12
-3.15664e-12
-3.20301e-12
-3.23918e-12
-3.2645e-12
-3.2789e-12
-3.28243e-12
-3.27521e-12
-3.25749e-12
-3.22971e-12
-3.19268e-12
-3.14794e-12
-3.09783e-12
-3.04489e-12
-2.99118e-12
-2.9384e-12
-2.88855e-12
-2.84435e-12
-2.80875e-12
-2.78442e-12
-2.77344e-12
-2.77735e-12
-2.79718e-12
-2.83374e-12
-2.88805e-12
-2.96125e-12
-3.05385e-12
-3.16507e-12
-3.29325e-12
-3.43689e-12
-3.59512e-12
-3.76707e-12
-3.95122e-12
-4.1454e-12
-4.34737e-12
-4.55497e-12
-4.76616e-12
-4.97937e-12
-5.19358e-12
-5.40792e-12
-5.62087e-12
-5.83045e-12
-6.03538e-12
-6.23561e-12
-6.43159e-12
-6.62322e-12
-6.80932e-12
-6.98406e-12
-7.14565e-12
-7.29387e-12
-7.42848e-12
-7.54947e-12
-7.65697e-12
-7.7507e-12
-7.82977e-12
-7.8934e-12
-7.94168e-12
-7.97514e-12
-7.99373e-12
-7.99658e-12
-7.98289e-12
-7.95252e-12
-7.9056e-12
-7.84213e-12
-7.762e-12
-7.6654e-12
-7.55265e-12
-7.4238e-12
-7.27891e-12
-7.11864e-12
-6.94416e-12
-6.75659e-12
-6.55657e-12
-6.34476e-12
-6.1223e-12
-5.8907e-12
-5.65136e-12
-5.40549e-12
-5.15446e-12
-4.89977e-12
-4.64282e-12
-4.38478e-12
-4.12692e-12
-3.87073e-12
-3.61766e-12
-3.36882e-12
-3.12512e-12
-2.88751e-12
-2.65702e-12
-2.43453e-12
-2.22072e-12
-2.01617e-12
-1.82143e-12
-1.63695e-12
-1.46295e-12
-1.29957e-12
-1.14698e-12
-1.0053e-12
-8.74486e-13
-7.54369e-13
