61.152
64.2163
62.1617
55.0654
43.2904
27.4611
8.42422
-12.8015
-35.0812
-57.2269
-78.0688
-96.5318
-111.71
-122.929
-129.786
-132.162
-130.213
-124.337
-115.134
-103.351
-89.8192
-75.3932
-60.8898
-47.0358
-34.4277
-23.5034
-14.5253
-7.57753
-2.57622
0.707109
2.6108
3.54222
3.93506
4.20838
4.72998
5.78694
7.56696
10.1533
13.5338
17.6204
22.2728
27.3219
32.589
37.9014
43.1058
48.0748
52.7063
56.9129
60.6043
63.6706
65.9748
67.3571
67.6509
66.7029
64.393
60.6488
55.4566
48.8689
41.0059
32.0508
22.2361
11.8231
1.08032
-9.73604
-20.3957
-30.7031
-40.5021
-49.6781
-58.1537
-65.8774
-72.8035
-78.8665
-83.953
-87.8784
-90.3695
-91.0594
-89.4965
-85.1711
-77.5644
-66.2159
-50.8061
-31.2434
-7.74396
19.1078
48.33
78.5518
108.069
134.942
157.143
172.725
180.019
177.814
165.525
143.307
112.115
73.6885
30.4536
-14.6408
-58.3505
-97.4017
-128.771
-149.955
-159.198
-155.67
-139.547
-112.015
-75.1689
-31.8318
14.6912
60.8966
103.377
139.098
165.633
181.338
185.448
178.093
160.227
133.496
100.051
62.3383
22.8831
-15.9124
-51.9382
-83.5034
-109.413
-128.994
-142.075
-148.928
-150.188
-146.746
-139.642
-129.956
-118.71
-106.79
-94.8881
-83.4845
-72.8417
-63.0285
-53.959
-45.4434
-37.2455
-29.139
-20.955
-12.6149
-4.14461
4.32646
12.5788
20.3247
27.2364
32.9786
37.2436
39.7866
40.4558
39.2151
36.158
31.5144
25.6488
19.0517
12.3195
6.12118
1.15278
-1.91849
-2.51441
-0.204123
5.24487
13.8285
25.2862
39.1037
54.5426
70.6947
86.5563
101.114
113.428
122.715
128.403
130.173
127.978
122.029
112.764
100.789
86.8179
71.5983
55.8435
40.1772
25.0903
10.9188
-2.15923
-14.1064
-24.9928
-34.9518
-44.1323
-52.6517
-60.5565
-67.7945
-74.2039
-79.52
-83.4026
-85.4782
-85.3934
-82.8708
-77.7621
-70.0901
-60.0769
-48.1505
-34.9293
-21.1806
-7.75963
4.46446
14.6858
22.2328
26.6268
27.6237
25.2346
19.7252
11.5915
1.51422
-9.70175
-21.1963
-32.1225
-41.7093
-49.3134
-54.4593
-56.8641
-56.4452
-53.3115
-47.7396
-40.1397
-31.0171
-20.9328
-10.4657
-0.176007
9.42908
17.9241
24.9866
30.4075
34.0919
36.0501
36.3846
35.273
32.9485
29.6797
25.7493
21.4342
16.99
12.6381
8.55927
4.8908
1.72839
-0.868304
-2.8673
-4.25515
-5.02948
-5.1949
-4.7626
-3.75252
-2.19652
-0.141651
2.3467
5.18176
8.2533
11.4278
14.5522
17.4619
19.9902
21.9799
23.2936
23.8222
23.4944
22.2825
20.2077
17.34
13.7942
9.72212
5.30302
0.733365
-3.78437
-8.05421
-11.9005
-15.182
-17.8028
-19.7186
-20.9371
-21.5136
-21.5421
-21.1443
-20.4553
-19.6065
-18.7089
-17.8386
-17.0283
-16.2671
-15.5061
-14.6691
-13.6653
-12.4027
-10.8022
-8.81215
-6.42013
-3.65957
-0.609247
2.6144
5.86952
9.00264
11.8617
14.3075
16.2246
17.5304
18.1813
18.1757
17.5507
16.3763
14.7461
12.7684
10.5573
8.22346
5.86522
3.56098
1.36484
-0.693469
-2.60484
-4.37513
-6.01994
-7.56067
-9.02128
-10.4243
-11.7857
-13.1086
-14.3794
-15.5654
-16.6173
-17.4719
-18.0573
-18.2959
-18.1095
-17.4244
-16.1784
-14.3302
-11.8688
-8.82088
-5.25687
-1.29136
2.92031
7.1906
11.3122
15.0731
18.2727
20.7372
22.332
22.9723
22.6283
21.3267
19.1471
16.2145
12.688
8.74833
4.58556
0.387263
-3.67137
-7.43587
-10.7783
-13.6003
-15.8321
-17.4305
-18.374
-18.6604
-18.3046
-17.3385
-15.8098
-13.7806
-11.3242
-8.52243
-5.46359
-2.24206
1.04214
4.28467
7.38004
10.2263
12.7304
14.8122
16.4083
17.4734
17.9826
17.9318
17.3378
16.2373
14.6842
12.747
10.5058
8.04926
5.4719
2.87021
0.338586
-2.0347
-4.17058
-6.00085
-7.469
-8.53121
-9.15805
-9.3369
-9.07402
-8.39513
-7.34392
-5.97902
-4.37018
-2.59466
-0.733868
1.13002
2.91781
4.55752
5.98836
7.16386
8.05359
8.64329
8.93339
8.93619
8.67158
8.16206
7.42774
6.48268
5.33369
3.98185
2.42612
0.66823
-1.28263
-3.40543
-5.66357
-8.00194
-10.3453
-12.5995
-14.6556
-16.3987
-17.7188
-18.5222
-18.7418
-18.3445
-17.3346
-15.7536
-13.6771
-11.2084
-8.46941
-5.59024
-2.6989
0.0878525
2.67083
4.97181
6.93428
8.52234
9.71801
10.5173
10.9254
10.9517
10.6058
9.8975
8.83873
7.44954
5.76416
3.83562
1.73702
-0.440595
-2.59277
-4.60716
-6.36929
-7.76881
-8.70705
-9.1061
-8.91852
-8.13544
-6.79083
-4.96015
-2.75382
-0.307106
2.23128
4.70978
6.98337
8.92186
10.418
11.3952
11.8142
11.6762
11.0228
9.92996
8.49851
6.84304
5.08048
3.32079
1.66012
0.17622
-1.07426
-2.05721
-2.76112
-3.19551
-3.38754
-3.37708
-3.21069
-2.9358
-2.59592
-2.22752
-1.85885
-1.51013
-1.19464
-0.920041
-0.689565
-0.502976
-0.357338
-0.247753
-0.168153
-0.112111
-0.0735753
-0.0474133
-0.029677
-0.0175998
-0.00939396
-0.00395626
-0.000582766
0.00124042
0.00195053
0.00194148
0.00155153
0.00103946
0.000571649
0.000227858
2.20242e-05
-7.08101e-05
-9.00277e-05
-7.25454e-05
-4.46046e-05
-2.04609e-05
-5.02015e-06
2.29573e-06
4.21072e-06
3.49354e-06
2.05443e-06
8.46609e-07
1.39688e-07
-1.44202e-07
-1.82787e-07
-1.26142e-07
-6.00281e-08
-1.63077e-08
3.33014e-09
7.78321e-09
5.87354e-09
2.87452e-09
8.14995e-10
-1.02256e-10
-3.04976e-10
-2.23195e-10
-1.01303e-10
-2.38368e-11
6.65204e-12
1.10343e-11
6.83463e-12
2.53594e-12
2.92921e-13
-3.65255e-13
-3.29404e-13
-1.53865e-13
-3.66519e-14
7.30248e-15
1.25715e-14
6.91806e-15
2.04289e-15
-3.04824e-17
-4.10802e-16
-2.51471e-16
-7.92824e-17
-2.71831e-18
1.23395e-17
7.66705e-18
2.31305e-18
3.77143e-20
-3.51283e-19
-1.95727e-19
-4.97304e-20
3.52135e-21
9.05117e-21
3.99232e-21
6.81593e-22
-2.16477e-22
-1.89925e-22
-5.80722e-23
-1.92872e-24
6.19603e-24
2.8119e-24
4.34709e-25
-1.39317e-25
-9.97213e-26
-2.24794e-26
1.93426e-27
2.84211e-27
7.67271e-28
-9.24196e-30
-6.92624e-29
-1.97105e-29
-3.945e-32
1.49953e-30
3.87619e-31
-1.08613e-32
-2.84223e-32
-5.44496e-33
6.20857e-34
4.29239e-34
4.07634e-35
-1.55204e-35
-4.20405e-36
1.59299e-37
1.96041e-37
1.30036e-38
-6.09934e-39
-8.45152e-40
1.47252e-40
2.89494e-41
-3.32999e-42
-6.72457e-43
8.21226e-44
9.4773e-45
-1.86282e-45
3.13288e-48
2.23795e-47
-2.55595e-48
1.49273e-49
-5.31599e-51
1.19922e-52
-1.69869e-54
1.45112e-56
-6.95057e-59
1.63921e-61
-1.5938e-64
2.84915e-68
-1.45492e-72
0
0
0
0
0
0
0
0
0
0
0
0
0
0
0
0
0
0
0
0
