-0
-0
-0
-0
-0
-0
-0
-0
-0
-0
-0
-0
-0
-0
0
0
0
0
0
0
0
0
0
0
0
-0
-0
-0
-0
-0
-0
-0
-0
-0
-0
-0
-0
-0
-0
-0
-0
-0
-0
-0
-0
-0
0
0
0
0
0
0
0
0
0
0
0
0
0
0
0
0
0
0
0
0
0
0
-0
-0
-0
-0
-0
-0
-0
-0
-0
-0
-0
-0
0
0
0
0
0
0
0
0
0
0
0
0
0
0
0
0
0
0
0
0
0
0
0
0
0
0
0
-0
-0
-0
-0
-0
-0
0
0
0
0
0
0
0
0
0
0
0
0
0
0
0
0
0
0
0
0
0
0
0
0
0
0
0
0
0
0
0
0
3.6003e-08
0.000492891
0.00225528
0.00580559
0.011653
0.0202662
0.0321124
0.047572
0.0667127
0.0891945
0.114445
0.141865
0.170842
0.200688
0.230656
0.259899
0.287358
0.311932
0.333092
0.351198
0.366857
0.379946
0.389634
0.395485
0.398117
0.398481
0.396799
0.392613
0.385613
0.375839
0.363096
0.346825
0.326899
0.304167
0.279865
0.254815
0.229675
0.205865
0.185805
0.172233
0.167898
0.175853
0.199022
0.239787
0.299315
0.378035
0.476684
0.596192
0.736057
0.892931
1.06103
1.23383
1.405
1.56763
1.713
1.8305
1.9089
1.93765
1.90749
1.81064
1.64118
1.39551
1.07278
0.675295
0.209444
-0.313464
-0.877261
-1.462
-2.04486
-2.60016
-3.09907
-3.51071
-3.80451
-3.95235
-3.92941
-3.71456
-3.29206
-2.6541
-1.80276
-0.750334
0.481127
1.85959
3.34252
4.87729
6.40294
7.85252
9.1554
10.2399
11.0364
11.4814
11.5205
11.1117
10.2283
8.86181
7.0243
4.74983
2.09458
-0.863684
-4.02732
-7.28157
-10.4984
-13.541
-16.2687
-18.5426
-20.2329
-21.2248
-21.4258
-20.7703
-19.2245
-16.7893
-13.503
-9.44235
-4.72274
0.505211
6.06056
11.7386
17.3182
22.5698
27.2646
31.1849
34.1342
35.9466
36.4956
35.7014
33.5367
30.0294
25.263
19.3762
12.5592
5.04777
-2.88524
-10.941
-18.8065
-26.1672
-32.7204
-38.1878
-42.3279
-44.9473
-45.91
-45.145
-42.6498
-38.492
-32.8067
-25.7927
-17.7052
-8.84552
0.451017
9.82874
18.9264
27.3924
34.8992
41.1574
45.9268
49.027
50.3452
49.8406
47.5452
43.5623
38.0611
31.2698
23.4653
14.9613
6.0946
-2.78899
-11.3493
-19.2661
-26.2516
-32.0611
-36.5024
-39.4421
-40.8107
-40.6033
-38.8777
-35.75
-31.3879
-26.0022
-19.8366
-13.1567
-6.23854
0.643369
7.22768
13.2767
18.585
22.9857
26.3557
28.6187
29.7465
29.7577
28.7143
26.7169
23.8985
20.4165
16.4452
12.1677
7.7682
3.42436
-0.700312
-4.46242
-7.74299
-10.4504
-12.5225
-13.9267
-14.66
-14.7463
-14.2337
-13.191
-11.7026
-9.8637
-7.77537
-5.54038
-3.25897
-1.02468
1.07939
2.98318
4.63118
5.98331
7.01525
7.7179
8.09623
8.16786
7.96142
7.51427
6.86961
6.07371
5.1738
4.21646
3.2458
2.30163
1.41809
0.622813
-0.0634105
-0.626872
-1.06059
-1.36347
-1.53953
-1.59738
-1.54967
-1.41191
-1.20098
-0.933973
-0.627689
-0.298145
0.0400147
0.37403
0.693205
0.989013
1.2553
1.48824
1.68583
1.84711
1.97194
2.06106
2.11609
2.13894
2.13123
2.09417
2.02863
1.9352
1.81421
1.6661
1.49178
1.29267
1.0706
0.828037
0.568775
0.298444
0.0244036
-0.244641
-0.498797
-0.727008
-0.917327
-1.05743
-1.13511
-1.13876
-1.05824
-0.885915
-0.617548
-0.25252
0.205937
0.75018
1.3675
2.03996
2.74488
3.45539
4.14116
4.76938
5.30618
5.71798
5.97281
6.04182
5.90137
5.53495
4.93466
4.102
3.04858
1.7969
0.38053
-1.1564
-2.76026
-4.36938
-5.91611
-7.3296
-8.53889
-9.47578
-10.0778
-10.2914
-10.0756
-9.40524
-8.27254
-6.68903
-4.68636
-2.31645
0.349337
3.22208
6.19776
9.16069
11.988
14.5548
16.7399
18.4305
19.5276
19.9512
19.6453
18.5815
16.7613
14.2182
11.0172
7.25401
3.05191
-1.44219
-6.06259
-10.631
-14.964
-18.8811
-22.2122
-24.805
-26.532
-27.297
-27.0403
-25.7419
-23.4238
-20.1503
-16.0264
-11.1941
-5.82693
-0.12357
5.69947
11.4168
16.8038
21.6461
25.7486
28.9435
31.0979
32.1198
31.9618
30.6235
28.1517
24.6392
20.2206
15.0665
9.37611
3.36949
-2.7216
-8.66355
-14.2307
-19.2147
-23.4322
-26.7331
-29.0058
-30.1816
-30.2364
-29.1906
-27.108
-24.0924
-20.2824
-15.8446
-10.9659
-5.84555
-0.686806
4.31199
8.96518
13.1068
16.5965
19.3252
21.2183
22.2373
22.3795
21.6769
20.1934
18.0211
15.2752
12.0881
8.60294
4.96769
1.3282
-2.17751
-5.4243
-8.30407
-10.7294
-12.6362
-13.9849
-14.7607
-14.9724
-14.6506
-13.8449
-12.6205
-11.0549
-9.23371
-7.24657
-5.18317
-3.12932
-1.16391
0.643812
2.23661
3.57066
4.61584
5.3555
5.78645
5.91877
5.77426
5.38367
4.78415
4.01741
3.12825
2.16243
1.16443
0.175789
-0.766117
-1.62973
-2.39079
-3.03234
-3.5432
-3.91699
-4.14519
-4.22867
-4.18119
-4.0213
-3.76943
-3.44744
-3.07901
-2.68824
-2.29671
-1.92173
-1.57655
-1.27114
-1.01194
-0.80134
-0.637923
-0.517692
-0.435168
-0.383869
-0.356665
-0.346341
-0.346166
-0.350209
-0.353595
-0.352857
-0.346098
-0.332662
-0.312562
-0.286216
-0.254606
-0.219387
-0.182598
-0.146158
-0.111606
-0.0801808
-0.052959
-0.0308346
-0.0144348
-0.00412035
-6.44232e-05
-0
-0
-0
-0
-0
-0
-0
-0
-0
-0
-0
-0
-0
-0
-0
-0
-0
-0
-0
-0
-0
-0
-0
-0
-0
-0
-0
-0
-0
-0
-0
-0
-0
-0
-0
-0
-0
-0
-0
-0
-0
-0
-0
-0
-0
-0
-0
-0
-0
-0
-0
-0
-0
-0
-0
-0
-0
-0
-0
-0
-0
-0
-0
-0
-0
-0
-0
-0
-0
-0
-0
-0
-0
-0
-0
-0
-0
-0
-0
-0
-0
-0
-0
-0
-0
-0
-0
-0
-0
-0
-0
-0
-0
-0
-0
-0
-0
-0
-0
-0
-0
-0
-0
-0
-0
-0
-0
-0
-0
-0
-0
-0
-0
-0
-0
-0
-0
-0
-0
-0
-0
-0
-0
-0
-0
-0
-0
-0
-0
-0
-0
-0
-0
-0
-0
-0
-0
-0
-0
-0
-0
-0
-0
-0
-0
-0
-0
-0
-0
-0
-0
-0
-0
-0
-0
-0
-0
-0
-0
-0
-0
-0
-0
-0
-0
-0
-0
-0
-0
-0
-0
-0
-0
-0
-0
-0
-0
-0
-0
-0
-0
-0
