8.15156e+11
1.32797e+12
2.12745e+12
3.35144e+12
5.19126e+12
7.90589e+12
1.18367e+13
1.74208e+13
2.52013e+13
3.58296e+13
5.00574e+13
6.87129e+13
9.26571e+13
1.22717e+14
1.59596e+14
2.0376e+14
2.55307e+14
3.13834e+14
3.7831e+14
4.46979e+14
5.17308e+14
5.86008e+14
6.49135e+14
7.02285e+14
7.4088e+14
7.60519e+14
7.57381e+14
7.28633e+14
6.72792e+14
5.9e+14
4.82167e+14
3.52961e+14
2.07617e+14
5.25917e+13
-1.04907e+14
-2.5748e+14
-3.98111e+14
-5.20702e+14
-6.20511e+14
-6.94443e+14
-7.41184e+14
-7.61157e+14
-7.56331e+14
-7.29912e+14
-6.8596e+14
-6.28977e+14
-5.63521e+14
-4.93869e+14
-4.23764e+14
-3.5625e+14
-2.93599e+14
-2.37317e+14
-1.88214e+14
-1.46511e+14
-1.11971e+14
-8.40354e+13
-6.19494e+13
-4.48649e+13
-3.19259e+13
-2.23258e+13
-1.53445e+13
-1.03664e+13
-6.88459e+12
-4.49513e+12
-2.88572e+12
-1.82157e+12
-1.13069e+12
-6.90208e+11
-4.14356e+11
-2.44651e+11
-1.42076e+11
-8.11548e+10
-4.55977e+10
-2.52013e+10
-1.37015e+10
-7.32814e+09
-3.85576e+09
-1.99586e+09
-1.0164e+09
-5.09239e+08
-2.51023e+08
-1.21744e+08
-5.80942e+07
-2.72757e+07
-1.26004e+07
-5.72752e+06
-2.5617e+06
-1.12739e+06
-488216
-208039
-87233.1
-35993.4
-14614.3
-5839.1
-2295.81
-888.277
-338.212
-126.725
-46.727
-16.9556
-6.05478
-2.12779
-0.735878
-0.250457
-0.0838903
-0.0276532
-0.00897093
-0.0028641
-0.000899916
-0.000278278
-8.4688e-05
-2.53649e-05
-7.47677e-06
-2.16904e-06
-6.19288e-07
-1.74018e-07
-4.81252e-08
-1.30987e-08
-3.50885e-09
-9.25087e-10
-2.4004e-10
-6.1301e-11
-1.54077e-11
-3.81148e-12
-9.27978e-13
-2.22367e-13
-5.24439e-14
-1.21733e-14
-2.7811e-15
-6.25342e-16
-1.38393e-16
-3.01442e-17
-6.46234e-18
-1.36356e-18
-2.83176e-19
-5.78813e-20
-1.16445e-20
-2.30569e-21
-4.4935e-22
-8.61927e-23
-1.62727e-23
-3.02379e-24
-5.5303e-25
-9.95521e-26
-1.76384e-26
-3.0759e-27
-5.27951e-28
-8.91914e-29
-1.48306e-29
-2.4272e-30
-3.90986e-31
-6.19908e-32
-9.67394e-33
-1.4859e-33
-2.24641e-34
-3.34272e-35
-4.89579e-36
-7.05764e-37
-1.0014e-37
-1.39853e-38
-1.92243e-39
-2.60102e-40
-3.4638e-41
-4.54021e-42
-5.85756e-43
-7.43829e-44
-9.29707e-45
-1.14376e-45
-1.38498e-46
-1.65071e-47
-1.93649e-48
-2.23603e-49
-2.54132e-50
-2.8429e-51
-3.13027e-52
-3.39253e-53
-3.61896e-54
-3.79985e-55
-3.92707e-56
-3.99477e-57
-3.99979e-58
-3.94189e-59
-3.82378e-60
-3.65093e-61
-3.43113e-62
-3.1739e-63
-2.88983e-64
-2.58986e-65
-2.28456e-66
-1.98359e-67
-1.69522e-68
-1.42601e-69
-1.18072e-70
-9.62261e-72
-7.71907e-73
-6.09483e-74
-4.73679e-75
-3.62353e-76
-2.72838e-77
-2.02211e-78
-1.47513e-79
-1.05921e-80
-7.48617e-82
-5.20792e-83
-3.56612e-84
-2.40356e-85
-1.59456e-86
-1.04125e-87
-6.69259e-89
-4.23411e-90
-2.63668e-91
-1.61615e-92
-9.75066e-94
-5.79048e-95
-3.38473e-96
-1.94743e-97
-1.10288e-98
-6.14784e-100
-3.37323e-101
-1.8218e-102
-9.68461e-104
-5.0675e-105
-2.60997e-106
-1.32314e-107
-6.60249e-109
-3.24294e-110
-1.56783e-111
-7.4609e-113
-3.49472e-114
-1.61126e-115
-7.31219e-117
-3.26634e-118
-1.43617e-119
-6.21555e-121
-2.6478e-122
-1.11026e-123
-4.58238e-125
-1.86162e-126
-7.44426e-128
-2.93011e-129
-1.13522e-130
-4.32917e-132
-1.62503e-133
-6.00415e-135
-2.1836e-136
-7.81677e-138
-2.75431e-139
-9.55282e-141
-3.26123e-142
-1.09589e-143
-3.62477e-145
-1.18013e-146
-3.7819e-148
-1.19296e-149
-3.704e-151
-1.13201e-152
-3.40536e-154
-1.00835e-155
-2.93893e-157
-8.43143e-159
-2.38093e-160
-6.61799e-162
-1.81067e-163
-4.87624e-165
-1.2926e-166
-3.37271e-168
-8.66217e-170
-2.18982e-171
-5.44908e-173
-1.33467e-174
-3.21778e-176
-7.63614e-178
-1.78372e-179
-4.10121e-181
-9.2818e-183
-2.0677e-184
-4.53395e-186
-9.78589e-188
-2.07902e-189
-4.34762e-191
-8.9491e-193
-1.81318e-194
-3.61609e-196
-7.09858e-198
-1.37163e-199
-2.6088e-201
-4.88402e-203
-9.00016e-205
-1.63252e-206
-2.91474e-208
-5.12245e-210
-8.86117e-212
-1.50883e-213
-2.52885e-215
-4.17198e-217
-6.77482e-219
-1.0829e-220
-1.70378e-222
-2.63861e-224
-4.02229e-226
-6.0354e-228
-8.91405e-230
-1.29592e-231
-1.85447e-233
-2.61214e-235
-3.62167e-237
-4.94263e-239
-6.63961e-241
-8.77936e-243
-1.14267e-244
-1.4639e-246
-1.84604e-248
-2.29143e-250
-2.79969e-252
-3.36703e-254
-3.98586e-256
-4.64443e-258
-5.32697e-260
-6.01401e-262
-6.6832e-264
-7.3104e-266
-7.87109e-268
-8.34191e-270
-8.70226e-272
-8.93585e-274
-9.03184e-276
-8.98573e-278
-8.79969e-280
-8.48239e-282
-8.04834e-284
-7.51676e-286
-6.91023e-288
-6.25304e-290
-5.56964e-292
-4.88315e-294
-4.21415e-296
-3.57978e-298
-2.99323e-300
-2.46355e-302
-1.99608e-304
-1.67482e-306
-0
-0
-0
-0
-0
-0
-0
-0
-0
-0
-0
-0
-0
-0
-0
-0
-0
-0
-0
-0
-0
-0
-0
-0
-0
-0
-0
-0
-0
-0
-0
-0
-0
-0
-0
-0
-0
-0
-0
-0
-0
-0
-0
-0
-0
-0
-0
-0
-0
-0
-0
-0
-0
-0
-0
-0
-0
-0
-0
-0
-0
-0
-0
-0
-0
-0
-0
-0
-0
-0
-0
-0
-0
-0
-0
-0
-0
-0
-0
-0
-0
-0
-0
-0
-0
-0
-0
-0
-0
-0
-0
-0
-0
-0
-0
-0
-0
-0
-0
-0
-0
-0
-0
-0
-0
-0
-0
-0
-0
-0
-0
-0
-0
-0
-0
-0
-0
-0
-0
-0
-0
-0
-0
-0
-0
-0
-0
-0
-0
-0
-0
-0
-0
-0
-0
-0
-0
-0
-0
-0
-0
-0
-0
-0
-0
-0
-0
-0
-0
-0
-0
-0
-0
-0
-0
-0
-0
-0
-0
-0
-0
-0
-0
-0
-0
-0
-0
-0
-0
-0
-0
-0
-0
-0
-0
-0
-0
-0
-0
-0
-0
-0
-0
-0
-0
-0
-0
-0
-0
-0
-0
-0
-0
-0
-0
-0
-0
-0
-0
-0
-0
-0
-0
-0
-0
-0
-0
-0
-0
-0
-0
-0
-0
-0
-0
-0
-0
-0
-0
-0
-0
-0
-0
-0
-0
-0
-0
-0
-0
-0
-0
-0
-0
-0
-0
-0
-0
-0
-0
-0
-0
-0
-0
-0
-0
-0
-0
-0
-0
-0
-0
-0
-0
-0
-0
-0
-0
-0
-0
-0
-0
-0
-0
-0
-0
-0
-0
-0
-0
-0
-0
-0
-0
-0
-0
-0
-0
-0
-0
-0
-0
-0
-0
-0
-0
-0
-0
-0
-0
-0
-0
-0
-0
-0
-0
-0
-0
-0
-0
-0
-0
-0
-0
-0
-0
-0
-0
-0
-0
