7.92557e-10
7.92557e-10
2.31963e-11
-1.61561e-09
-3.74588e-09
-5.76453e-09
-7.10009e-09
-7.50044e-09
-7.22451e-09
-7.03132e-09
-7.93175e-09
-1.07668e-08
-1.57607e-08
-2.22292e-08
-2.85827e-08
-3.26614e-08
-3.23181e-08
-2.60683e-08
-1.35971e-08
4.0355e-09
2.45519e-08
4.49192e-08
6.19784e-08
7.30718e-08
7.6528e-08
7.192e-08
6.00766e-08
4.28746e-08
2.28682e-08
2.82562e-09
-1.47461e-08
-2.80048e-08
-3.60251e-08
-3.88465e-08
-3.7311e-08
-3.27433e-08
-2.65736e-08
-2.00169e-08
-1.3897e-08
-8.63917e-09
-4.38874e-09
-1.16877e-09
1.01165e-09
2.14413e-09
2.28687e-09
1.6451e-09
5.92003e-10
-4.10329e-10
-9.6996e-10
-9.31302e-10
-4.59032e-10
1.79117e-11
-6.78792e-12
-8.77098e-10
-2.59598e-09
-4.80342e-09
-6.93892e-09
-8.52821e-09
-9.4661e-09
-1.01534e-08
-1.1396e-08
-1.40711e-08
-1.86695e-08
-2.48903e-08
-3.1465e-08
-3.63186e-08
-3.70583e-08
-3.16624e-08
-1.91608e-08
-9.1088e-11
2.34266e-08
4.80347e-08
6.98209e-08
8.5157e-08
9.14743e-08
8.77815e-08
7.48123e-08
5.47911e-08
3.09055e-08
6.6329e-09
-1.49106e-08
-3.14617e-08
-4.18625e-08
-4.60595e-08
-4.4899e-08
-3.97977e-08
-3.23831e-08
-2.41817e-08
-1.64024e-08
-9.83516e-09
-4.85089e-09
-1.4748e-09
5.03266e-10
1.41376e-09
1.61106e-09
1.40747e-09
1.03933e-09
6.59693e-10
3.48894e-10
1.33752e-10
8.2353e-12
-4.90975e-11
-6.29035e-11
-5.41669e-11
-3.75422e-11
-2.14373e-11
-9.45346e-12
-2.16891e-12
1.32465e-12
2.36476e-12
2.13919e-12
1.4681e-12
8.03572e-13
3.25241e-13
5.29576e-14
-6.32462e-14
-8.71123e-14
-6.96645e-14
-4.22635e-14
-1.95525e-14
-5.50089e-15
1.10369e-15
3.01228e-15
2.682e-15
1.69066e-15
8.00007e-16
2.38688e-16
-2.48019e-17
-1.00948e-16
-9.00448e-17
-5.494e-17
-2.447e-17
-6.28212e-18
1.54975e-18
3.34734e-18
2.64471e-18
1.44711e-18
5.49383e-19
7.93754e-20
-8.61725e-20
-9.97437e-20
-6.44348e-20
-2.90884e-20
-7.71857e-21
1.22856e-21
3.14874e-21
2.37198e-21
1.18538e-21
3.79746e-22
1.07644e-23
-8.87261e-23
-7.61595e-23
-4.01903e-23
-1.37633e-23
-1.2091e-24
2.39665e-24
2.20575e-24
1.17268e-24
3.98503e-25
3.54217e-26
-6.53152e-26
-5.84281e-26
-2.97329e-26
-9.35032e-27
-3.90263e-28
1.77819e-27
1.40453e-27
6.48431e-28
1.72325e-28
-1.28089e-29
-4.54756e-29
-2.98319e-29
-1.17872e-29
-2.21266e-30
8.33749e-31
1.0202e-30
5.37168e-31
1.67195e-31
9.28768e-33
-2.5791e-32
-1.89714e-32
-7.72339e-33
-1.55293e-33
4.06034e-34
5.44776e-34
2.76615e-34
7.9244e-35
1.39851e-36
-1.29108e-35
-8.26607e-36
-2.89953e-36
-3.82062e-37
2.50884e-37
2.13867e-37
8.68065e-38
1.69626e-38
-3.85574e-39
-4.91351e-39
-2.23713e-39
-5.25366e-40
4.1731e-41
1.02408e-40
5.09631e-41
1.31773e-41
-1.59318e-43
-1.97457e-42
-1.04221e-42
-2.80952e-43
-4.86434e-45
3.57966e-44
1.92933e-44
5.18841e-45
1.15628e-46
-6.15491e-46
-3.2404e-46
-8.33379e-47
-5.73241e-49
1.00146e-47
4.92102e-48
1.15604e-48
-3.51943e-50
-1.52219e-49
-6.69678e-50
-1.35627e-50
1.34327e-51
2.11926e-51
8.04575e-52
1.28252e-52
-2.95543e-53
-2.64317e-53
-8.34037e-54
-8.50989e-55
4.85238e-55
2.88369e-55
7.16453e-56
1.30731e-57
-6.34726e-57
-2.66659e-57
-4.62714e-58
6.46974e-59
6.69301e-59
1.96329e-59
1.43714e-60
-1.17883e-60
-5.48076e-61
-9.36165e-62
1.35461e-62
1.22496e-62
2.84405e-63
-1.18917e-64
-2.69597e-64
-6.63429e-65
5.74429e-66
7.81422e-66
1.54015e-66
-4.18378e-67
-3.01815e-67
-4.4845e-68
2.13306e-68
1.2222e-68
1.52816e-69
-8.91068e-70
-4.57147e-70
-4.81707e-71
3.3649e-71
1.53224e-71
1.16584e-72
-1.18692e-72
-4.5485e-73
-1.40951e-74
3.88105e-74
1.17071e-74
-4.33867e-76
-1.14754e-75
-2.49066e-76
3.71968e-77
2.97284e-77
3.82361e-78
-1.54538e-78
-6.4294e-79
-1.5662e-80
4.62217e-80
1.03517e-80
-1.45129e-81
-1.01832e-81
-7.4724e-83
5.85294e-83
1.43254e-83
-1.75428e-84
-1.17243e-84
-4.29401e-86
6.64041e-86
9.99659e-87
-2.77415e-87
-8.12537e-88
7.93456e-89
4.75828e-89
-7.76233e-91
-2.28071e-90
-7.22025e-92
9.43885e-92
5.52853e-93
-3.46767e-93
-2.20403e-94
1.13119e-94
4.5665e-96
-3.06799e-96
7.19091e-98
4.88446e-98
-1.07551e-98
1.30222e-99
4.32069e-100
-1.5763e-100
-2.35818e-102
7.48217e-102
-7.52914e-103
-1.87239e-103
4.761e-104
-2.12326e-106
-1.32641e-105
1.90401e-106
4.49334e-108
-5.02222e-108
7.22315e-109
-2.50648e-110
-8.62372e-111
2.03914e-111
-2.66026e-112
2.52773e-113
-1.89385e-114
1.15858e-115
-5.8933e-117
2.51757e-118
-9.07998e-120
2.77082e-121
-7.15314e-123
1.55917e-124
-2.85909e-126
4.38794e-128
-5.59836e-130
5.88801e-132
-5.05245e-134
3.49326e-136
-1.91684e-138
8.1959e-141
-2.67006e-143
6.44613e-146
-1.11369e-148
1.31652e-151
-1.0029e-154
4.51364e-158
-1.05894e-161
1.19112e-165
-5.06716e-170
0
0
0
0
0
0
0
0
0
0
0
0
0
0
0
0
0
0
0
0
0
0
0
0
0
0
0
0
0
0
0
0
0
0
0
0
0
0
0
0
0
0
0
0
0
0
