2.55924e-08
2.55924e-08
2.00016e-08
1.50667e-08
1.12891e-08
8.51619e-09
6.16943e-09
3.6197e-09
5.48164e-10
-2.86101e-09
-5.97932e-09
-8.01843e-09
-8.41848e-09
-7.17311e-09
-4.94966e-09
-2.94477e-09
-2.51835e-09
-4.73003e-09
-9.93336e-09
-1.75578e-08
-2.61439e-08
-3.3621e-08
-3.77546e-08
-3.66571e-08
-2.9249e-08
-1.5573e-08
3.10693e-09
2.44555e-08
4.54499e-08
6.29337e-08
7.42314e-08
7.76811e-08
7.29552e-08
6.10826e-08
4.41668e-08
2.48823e-08
5.89439e-09
-1.06358e-08
-2.33401e-08
-3.16851e-08
-3.58122e-08
-3.62811e-08
-3.38318e-08
-2.92402e-08
-2.32791e-08
-1.67363e-08
-1.04161e-08
-5.07365e-09
-1.27953e-09
7.31836e-10
1.14891e-09
5.39681e-10
-3.33866e-10
-7.88279e-10
-4.74277e-10
4.92925e-10
1.59241e-09
2.13207e-09
1.56818e-09
-2.2327e-10
-2.8454e-09
-5.50663e-09
-7.3393e-09
-7.79247e-09
-6.94002e-09
-5.56686e-09
-4.97135e-09
-6.52676e-09
-1.11377e-08
-1.87765e-08
-2.82687e-08
-3.74262e-08
-4.3513e-08
-4.39297e-08
-3.69261e-08
-2.21434e-08
-8.32537e-10
2.4313e-08
4.9668e-08
7.13995e-08
8.62243e-08
9.20254e-08
8.81961e-08
7.56597e-08
5.6589e-08
3.39176e-08
1.07668e-08
-1.00853e-08
-2.65947e-08
-3.76497e-08
-4.30738e-08
-4.34687e-08
-3.99595e-08
-3.39091e-08
-2.66611e-08
-1.93494e-08
-1.27908e-08
-7.45897e-09
-3.51951e-09
-9.03885e-10
6.03127e-10
1.28153e-09
1.41198e-09
1.23438e-09
9.28298e-10
6.10651e-10
3.44438e-10
1.52784e-10
3.36449e-11
-2.76962e-11
-4.96382e-11
-4.88643e-11
-3.79024e-11
-2.47209e-11
-1.34553e-11
-5.56054e-12
-9.34431e-13
1.21277e-12
1.80094e-12
1.59488e-12
1.11113e-12
6.34833e-13
2.8259e-13
7.08726e-14
-2.97688e-14
-6.0166e-14
-5.51528e-14
-3.79353e-14
-2.08606e-14
-8.63695e-15
-1.69621e-15
1.29915e-15
1.98241e-15
1.62954e-15
1.012e-15
4.87662e-16
1.56462e-16
-5.19909e-18
-5.79963e-17
-5.70303e-17
-3.82469e-17
-1.95851e-17
-7.05907e-18
-6.76779e-19
1.58377e-18
1.75791e-18
1.20821e-18
6.18771e-19
2.21181e-19
2.21155e-20
-4.57497e-20
-4.95448e-20
-3.26745e-20
-1.57607e-20
-5.02512e-21
-6.41065e-23
1.37415e-21
1.25928e-21
7.45703e-22
3.15905e-22
7.50925e-23
-1.98523e-23
-3.75979e-23
-2.73745e-23
-1.36852e-23
-4.56403e-24
-3.35638e-25
8.89785e-25
8.33542e-25
4.71701e-25
1.83079e-25
3.41545e-26
-1.69132e-26
-2.20502e-26
-1.37443e-26
-5.7788e-27
-1.36394e-27
2.70579e-28
5.28142e-28
3.50156e-28
1.51708e-28
3.82105e-29
-4.5113e-30
-1.18298e-29
-7.93252e-30
-3.38347e-30
-8.21217e-31
1.08237e-31
2.51141e-31
1.60141e-31
6.41575e-32
1.35176e-32
-3.23797e-33
-4.96378e-33
-2.8415e-33
-1.01187e-33
-1.5272e-34
8.75508e-35
8.82091e-35
4.31877e-35
1.26836e-35
5.64237e-37
-1.90577e-36
-1.34374e-36
-5.35952e-37
-1.11351e-37
2.10188e-38
3.21769e-38
1.66509e-38
5.02512e-39
3.71647e-40
-5.8581e-40
-4.14515e-40
-1.56721e-40
-2.87378e-41
7.16344e-42
8.57314e-42
3.90121e-42
9.73202e-43
-1.64653e-44
-1.50114e-43
-8.17461e-44
-2.42436e-44
-1.95963e-45
2.26343e-45
1.48854e-45
4.94269e-46
6.56003e-47
-2.99563e-47
-2.40255e-47
-8.58826e-48
-1.38249e-48
3.60489e-49
3.48785e-49
1.29765e-49
2.2494e-50
-4.18925e-51
-4.60377e-51
-1.72056e-51
-2.97717e-52
5.02041e-53
5.55263e-53
2.00398e-53
3.23079e-54
-6.29192e-55
-6.0888e-55
-2.03836e-55
-2.81106e-56
7.81362e-57
6.00894e-57
1.77932e-57
1.78367e-58
-8.9417e-59
-5.19913e-59
-1.27967e-59
-5.24155e-61
8.78454e-61
3.75455e-61
6.84156e-62
-4.66232e-63
-6.84393e-63
-1.99081e-63
-1.71514e-64
7.84868e-65
3.25668e-65
3.57938e-66
-9.47007e-67
-2.39939e-67
1.01424e-67
5.52034e-68
-1.01424e-69
-9.20057e-69
-3.3823e-69
-5.43341e-71
4.00714e-70
1.50338e-70
6.93325e-72
-1.41053e-71
-5.37681e-72
-2.65303e-73
4.57924e-73
1.64018e-73
4.52535e-75
-1.40079e-74
-4.31377e-75
8.36629e-77
3.98343e-76
9.50991e-77
-9.59762e-78
-1.01542e-77
-1.62666e-78
4.31176e-79
2.22029e-79
1.46767e-80
-1.35896e-80
-3.75566e-81
2.64842e-82
3.10366e-82
3.43439e-83
-1.51421e-83
-4.46289e-84
3.31085e-85
3.11606e-85
1.68637e-86
-1.56679e-86
-2.38336e-87
6.05659e-88
1.60543e-88
-1.82173e-89
-7.97919e-90
4.31943e-91
3.19912e-91
-9.73789e-93
-1.04261e-92
3.62362e-94
2.49607e-94
-1.89754e-95
-1.85964e-96
6.94479e-97
-2.19625e-97
-1.06441e-99
1.46195e-98
-1.7226e-99
-4.46619e-100
1.17588e-100
1.32603e-102
-3.83039e-102
4.74405e-103
3.20942e-104
-1.61229e-104
1.8716e-105
7.13208e-108
-3.56172e-107
6.55832e-108
-7.46611e-109
6.28634e-110
-4.16031e-111
2.22572e-112
-9.76549e-114
3.53954e-115
-1.06278e-116
2.64253e-118
-5.42518e-120
9.14931e-122
-1.25821e-123
1.3974e-125
-1.23826e-127
8.62268e-130
-4.63095e-132
1.87402e-134
-5.54995e-137
1.15939e-139
-1.6296e-142
1.44598e-145
-7.3354e-149
1.77844e-152
-1.47422e-156
2.02019e-161
0
0
0
0
0
0
0
0
0
0
0
0
0
0
0
0
0
0
0
0
0
0
0
0
0
0
0
0
0
0
0
0
0
0
0
0
0
0
0
0
0
0
