-2.96859e-08
-2.96859e-08
-2.91651e-08
-2.32091e-08
-1.13991e-08
5.35636e-09
2.49115e-08
4.43128e-08
6.04387e-08
7.06661e-08
7.33884e-08
6.82761e-08
5.62557e-08
3.92517e-08
1.97827e-08
5.02495e-10
-1.62328e-08
-2.87088e-08
-3.60636e-08
-3.83317e-08
-3.63177e-08
-3.1326e-08
-2.48168e-08
-1.80787e-08
-1.20106e-08
-7.05852e-09
-3.3024e-09
-6.24649e-10
1.12691e-09
2.05466e-09
2.22613e-09
1.75162e-09
8.53522e-10
-1.36204e-10
-8.68831e-10
-1.12278e-09
-9.20914e-10
-5.4749e-10
-4.37742e-10
-9.80187e-10
-2.32403e-09
-4.2925e-09
-6.45928e-09
-8.36686e-09
-9.79019e-09
-1.09129e-08
-1.2308e-08
-1.46956e-08
-1.85483e-08
-2.37e-08
-2.91289e-08
-3.30426e-08
-3.32832e-08
-2.79548e-08
-1.60816e-08
1.9185e-09
2.41121e-08
4.73423e-08
6.78665e-08
8.2173e-08
8.77541e-08
8.36378e-08
7.05519e-08
5.07034e-08
2.72543e-08
3.64591e-09
-1.70584e-08
-3.26675e-08
-4.21111e-08
-4.54287e-08
-4.35495e-08
-3.79495e-08
-3.02819e-08
-2.20627e-08
-1.44601e-08
-8.2031e-09
-3.59542e-09
-6.0071e-10
1.03805e-09
1.67942e-09
1.68746e-09
1.36948e-09
9.475e-10
5.56435e-10
2.59025e-10
6.78632e-11
-3.28004e-11
-6.9759e-11
-6.9573e-11
-5.28937e-11
-3.29337e-11
-1.63946e-11
-5.41047e-12
4.61012e-13
2.69796e-12
2.85973e-12
2.14024e-12
1.26571e-12
5.72829e-13
1.46069e-13
-5.61105e-14
-1.14181e-13
-1.01041e-13
-6.54578e-14
-3.2489e-14
-1.06489e-14
3.68927e-16
4.05947e-15
3.99826e-15
2.65779e-15
1.321e-15
4.3148e-16
-7.7663e-18
-1.4763e-16
-1.40923e-16
-8.89646e-17
-4.08201e-17
-1.10804e-17
2.13395e-18
5.38167e-18
4.35972e-18
2.41481e-18
9.21876e-19
1.30618e-19
-1.49752e-19
-1.71932e-19
-1.10516e-19
-4.92663e-20
-1.24039e-20
2.80879e-21
5.8296e-21
4.25052e-21
2.06294e-21
6.18062e-22
-2.325e-23
-1.80703e-22
-1.43966e-22
-7.23956e-23
-2.27499e-23
-3.11121e-25
5.40512e-24
4.40668e-24
2.18715e-24
6.6315e-25
-3.10338e-27
-1.59517e-25
-1.22604e-25
-5.70541e-26
-1.52735e-26
1.44382e-27
4.53204e-27
3.05824e-27
1.26199e-27
2.57642e-28
-8.58424e-29
-1.17601e-28
-6.63496e-29
-2.26099e-29
-2.18634e-30
3.13347e-30
2.63731e-30
1.1948e-30
2.93757e-31
-3.64974e-32
-8.25321e-32
-4.84831e-32
-1.65055e-32
-1.70142e-33
1.99711e-33
1.62353e-33
6.83594e-34
1.42679e-34
-3.27942e-35
-4.64008e-35
-2.33711e-35
-6.43576e-36
7.84263e-38
1.15618e-36
6.91908e-37
2.23876e-37
1.9035e-38
-2.56032e-38
-1.82405e-38
-6.56028e-39
-9.01629e-40
5.1657e-40
4.36623e-40
1.6802e-40
2.78484e-41
-9.85606e-42
-9.62498e-42
-3.83049e-42
-6.7964e-43
1.86596e-43
1.97144e-43
7.83866e-44
1.37596e-44
-3.63666e-45
-3.76227e-45
-1.44175e-45
-2.3249e-46
7.26322e-47
6.66346e-47
2.37162e-47
3.19162e-48
-1.42386e-48
-1.08442e-48
-3.44868e-49
-3.23513e-50
2.6056e-50
1.59779e-50
4.34213e-51
1.45725e-52
-4.28584e-52
-2.0916e-52
-4.55805e-53
2.83085e-54
6.1789e-54
2.37468e-54
3.66213e-55
-9.22103e-56
-7.65938e-56
-2.25514e-56
-1.60719e-57
1.58373e-57
7.98417e-58
1.66e-58
-1.07745e-59
-1.9931e-59
-6.6998e-60
-7.15327e-61
3.43212e-61
1.92269e-61
3.96059e-62
-2.82319e-63
-4.49038e-63
-1.308e-63
-5.02386e-65
9.80575e-65
3.60454e-65
2.53249e-66
-2.5307e-66
-1.00246e-66
-4.98686e-68
8.81413e-68
3.20237e-68
1.52203e-70
-3.551e-69
-1.1433e-69
3.79852e-71
1.41158e-70
4.07196e-71
-2.67706e-72
-5.24787e-72
-1.33056e-72
1.45782e-73
1.79993e-73
3.78821e-74
-6.95072e-75
-5.62756e-75
-8.84605e-76
2.88352e-76
1.572e-76
1.44889e-77
-1.02846e-77
-3.79606e-78
-3.28449e-80
3.12018e-79
7.42679e-80
-8.8334e-81
-7.87645e-81
-9.67906e-82
4.12758e-82
1.55753e-82
-1.11409e-84
-1.1678e-83
-1.9881e-84
4.90614e-85
2.17363e-85
9.94803e-89
-1.44086e-86
-1.98468e-87
6.53317e-88
2.00567e-88
-1.65299e-89
-1.3323e-89
-3.36857e-91
6.93877e-91
7.16284e-92
-3.00819e-92
-5.30418e-93
1.12554e-93
2.85368e-94
-3.79487e-95
-1.24979e-95
1.23927e-96
4.55637e-97
-4.27048e-98
-1.32381e-98
1.55608e-99
2.42255e-100
-5.12441e-101
2.48641e-102
9.79921e-103
-4.58077e-103
3.07076e-104
2.14551e-104
-4.09329e-105
-4.65864e-106
2.11651e-106
-7.51813e-108
-6.07366e-108
9.81762e-109
4.4853e-110
-3.21504e-110
3.50928e-111
2.14317e-112
-1.09827e-112
1.38888e-113
-3.39426e-115
-1.82644e-115
4.01151e-116
-5.13141e-117
4.87086e-118
-3.69211e-119
2.31002e-120
-1.21418e-121
5.41528e-123
-2.06097e-124
6.71164e-126
-1.87147e-127
4.46398e-129
-9.08696e-131
1.57287e-132
-2.30365e-134
2.83729e-136
-2.91653e-138
2.47935e-140
-1.72418e-142
9.68159e-145
-4.32178e-147
1.50516e-149
-3.99763e-152
7.8725e-155
-1.10968e-157
1.07004e-160
-6.646e-164
2.43903e-167
-4.67039e-171
4.23049e-175
-1.4217e-179
0
0
0
0
0
0
0
0
0
0
0
0
0
0
0
0
0
0
0
0
0
0
0
0
0
0
0
0
0
0
0
0
0
0
0
0
0
0
0
0
0
0
0
0
0
0
0
0
0
