-3.73661e-12
-3.73661e-12
5.38548e-10
8.77132e-10
8.17545e-10
3.36758e-10
-3.83053e-10
-1.0164e-09
-1.23545e-09
-8.72092e-10
-2.41337e-11
9.55276e-10
1.59622e-09
1.52769e-09
6.73818e-10
-6.69004e-10
-1.92731e-09
-2.49291e-09
-2.01215e-09
-5.88326e-10
1.20827e-09
2.54676e-09
2.68281e-09
1.29945e-09
-1.31289e-09
-4.32974e-09
-6.70483e-09
-7.60342e-09
-6.78291e-09
-4.76368e-09
-2.71334e-09
-2.07634e-09
-4.07367e-09
-9.23947e-09
-1.71429e-08
-2.63777e-08
-3.4821e-08
-4.00885e-08
-4.00767e-08
-3.3469e-08
-2.00982e-08
-1.08915e-09
2.12575e-08
4.38344e-08
6.32887e-08
7.6666e-08
8.19945e-08
7.86672e-08
6.75207e-08
5.05907e-08
3.06155e-08
1.043e-08
-7.57743e-09
-2.18097e-08
-3.15484e-08
-3.68174e-08
-3.81249e-08
-3.62075e-08
-3.18631e-08
-2.58955e-08
-1.91286e-08
-1.24139e-08
-6.5715e-09
-2.25401e-09
2.17732e-10
9.63194e-10
5.20355e-10
-3.2916e-10
-8.39813e-10
-5.82171e-10
3.94225e-10
1.59235e-09
2.29222e-09
1.88323e-09
1.6618e-10
-2.50905e-09
-5.34347e-09
-7.40401e-09
-8.03863e-09
-7.22595e-09
-5.70638e-09
-4.81511e-09
-6.04598e-09
-1.04782e-08
-1.82582e-08
-2.83237e-08
-3.84862e-08
-4.58775e-08
-4.76516e-08
-4.17497e-08
-2.75152e-08
-5.98696e-09
2.02134e-08
4.73694e-08
7.14093e-08
8.87123e-08
9.6793e-08
9.47177e-08
8.31815e-08
6.42624e-08
4.0937e-08
1.64854e-08
-6.07991e-09
-2.44536e-08
-3.72816e-08
-4.41984e-08
-4.56896e-08
-4.28395e-08
-3.70366e-08
-2.96969e-08
-2.20519e-08
-1.50211e-08
-9.16957e-09
-4.7335e-09
-1.69027e-09
1.52873e-10
1.07253e-09
1.35903e-09
1.26913e-09
1.00146e-09
6.90633e-10
4.14017e-10
2.05073e-10
6.82446e-11
-7.81748e-12
-4.03516e-11
-4.62193e-11
-3.87726e-11
-2.69722e-11
-1.58393e-11
-7.49062e-12
-2.24761e-12
4.54066e-13
1.44719e-12
1.49103e-12
1.13438e-12
7.0421e-13
3.53671e-13
1.25082e-13
4.1905e-15
-4.27626e-14
-4.86508e-14
-3.73147e-14
-2.26376e-14
-1.08369e-14
-3.45316e-15
1.916e-16
1.4226e-15
1.42698e-15
9.95859e-16
5.42515e-16
2.20189e-16
4.26489e-17
-3.00582e-17
-4.44334e-17
-3.47456e-17
-2.02378e-17
-8.89226e-18
-2.31658e-18
5.35185e-19
1.24241e-18
1.03371e-18
6.10979e-19
2.68702e-19
7.08601e-20
-1.32972e-20
-3.33113e-20
-2.70478e-20
-1.53186e-20
-6.29205e-21
-1.38278e-21
5.17601e-22
8.50304e-22
6.16628e-22
3.1482e-22
1.10655e-22
1.25294e-23
-1.84716e-23
-1.92573e-23
-1.17235e-23
-5.03273e-24
-1.26999e-24
2.03877e-25
4.88402e-25
3.54937e-25
1.72786e-25
5.52407e-26
3.35203e-27
-1.04538e-26
-9.17785e-27
-4.87158e-27
-1.73311e-27
-2.47106e-28
1.99694e-28
2.10085e-28
1.17296e-28
4.34598e-29
7.47107e-30
-3.71809e-30
-4.3674e-30
-2.4574e-30
-9.00323e-31
-1.51977e-31
7.31536e-32
8.32957e-32
4.49447e-32
1.5457e-32
2.11818e-33
-1.49972e-33
-1.44284e-33
-7.0945e-34
-2.15213e-34
-1.50272e-35
2.90748e-35
2.2065e-35
9.40766e-36
2.28834e-36
-1.45642e-37
-4.86213e-37
-2.86058e-37
-9.99269e-38
-1.55157e-38
6.64311e-39
6.60398e-39
2.98653e-39
7.75106e-40
3.07339e-42
-1.16856e-40
-6.95305e-41
-2.32962e-41
-3.2877e-42
1.49251e-42
1.32166e-42
5.35258e-43
1.15125e-43
-9.81484e-45
-2.10007e-44
-1.01053e-44
-2.67253e-45
-1.11655e-46
2.83491e-46
1.62361e-46
4.87876e-47
5.09795e-48
-3.30889e-48
-2.26971e-48
-7.40825e-49
-1.02495e-49
3.43535e-50
2.80501e-50
9.59477e-51
1.48354e-51
-3.32776e-52
-3.09866e-52
-1.07173e-52
-1.68808e-53
3.1934e-54
3.07466e-54
1.03364e-54
1.53382e-55
-3.13023e-56
-2.72762e-56
-8.51644e-57
-1.0805e-57
3.01236e-58
2.1175e-58
5.80957e-59
5.27693e-60
-2.57721e-60
-1.35972e-60
-3.03082e-61
-1.09377e-62
1.65129e-62
6.06655e-63
9.48486e-64
-1.15737e-65
-2.98147e-65
-3.09432e-66
-1.48126e-66
-2.0662e-66
-9.92449e-67
-1.37087e-67
8.58757e-68
5.41672e-68
1.07339e-68
-2.28694e-69
-2.01451e-69
-4.49828e-70
5.91128e-71
6.42321e-71
1.41988e-71
-1.84214e-72
-1.85969e-72
-3.61156e-73
6.53311e-74
4.8892e-74
7.21538e-75
-2.2354e-75
-1.13897e-75
-9.37523e-77
6.74949e-77
2.22721e-77
-2.92932e-79
-1.70033e-78
-3.12163e-79
6.14671e-80
3.20976e-80
1.16909e-81
-1.88683e-81
-3.36946e-82
6.96767e-83
2.74131e-83
-9.79455e-85
-1.52395e-84
-7.26407e-86
6.66335e-86
6.90635e-87
-2.44551e-87
-3.39878e-88
7.88798e-89
1.1057e-89
-2.25042e-90
-1.84236e-91
4.76524e-92
-4.17571e-93
2.28351e-94
4.18298e-94
-9.98946e-95
-1.11821e-95
5.98811e-96
-2.50224e-97
-1.80293e-97
3.10219e-98
8.54707e-100
-9.19153e-100
1.23058e-100
-9.46063e-103
-2.19226e-102
4.23559e-103
-4.86222e-104
4.04696e-105
-2.60569e-106
1.33603e-107
-5.53361e-109
1.86342e-110
-5.10977e-112
1.13865e-113
-2.05153e-115
2.96504e-117
-3.40061e-119
3.05191e-121
-2.10551e-123
1.09188e-125
-4.13619e-128
1.10254e-130
-1.96602e-133
2.18716e-136
-1.38118e-139
4.36813e-143
-6.42731e-147
3.41476e-151
0
0
0
0
0
0
0
0
0
0
0
0
0
0
0
0
0
0
0
0
0
0
0
0
0
0
0
0
0
0
0
0
0
0
0
0
0
0
0
