-5.16561e-11
-5.16561e-11
-5.58751e-10
-8.47505e-10
-7.453e-10
-2.52699e-10
4.33904e-10
9.94284e-10
1.1283e-09
7.09439e-10
-1.28115e-10
-1.02195e-09
-1.53295e-09
-1.35486e-09
-4.83947e-10
7.4116e-10
1.76428e-09
2.05779e-09
1.38198e-09
-6.74605e-11
-1.70585e-09
-2.79518e-09
-2.7738e-09
-1.53374e-09
4.8572e-10
2.44279e-09
3.42562e-09
2.83659e-09
6.65327e-10
-2.46916e-09
-5.53229e-09
-7.46505e-09
-7.60402e-09
-5.97278e-09
-3.33807e-09
-1.00974e-09
-4.49259e-10
-2.80722e-09
-8.52288e-09
-1.7093e-08
-2.70693e-08
-3.62889e-08
-4.22972e-08
-4.28782e-08
-3.65889e-08
-2.3175e-08
-3.76071e-09
1.92574e-08
4.2617e-08
6.28203e-08
7.6843e-08
8.27411e-08
7.9999e-08
6.95333e-08
5.33728e-08
3.41272e-08
1.44153e-08
-3.58947e-09
-1.8399e-08
-2.92277e-08
-3.58598e-08
-3.8471e-08
-3.74961e-08
-3.35743e-08
-2.7547e-08
-2.04391e-08
-1.33677e-08
-7.36062e-09
-3.13142e-09
-8.98482e-10
-3.36856e-10
-7.08295e-10
-1.14122e-09
-9.64148e-10
3.6373e-11
1.54103e-09
2.8448e-09
3.17447e-09
2.05155e-09
-4.5024e-10
-3.66892e-09
-6.57197e-09
-8.15928e-09
-7.90403e-09
-6.05835e-09
-3.69013e-09
-2.40787e-09
-3.84108e-09
-9.03498e-09
-1.79575e-08
-2.92903e-08
-4.05931e-08
-4.88178e-08
-5.10418e-08
-4.5227e-08
-3.07977e-08
-8.88634e-09
1.78175e-08
4.55725e-08
7.0317e-08
8.84496e-08
9.74825e-08
9.64362e-08
8.59117e-08
6.78597e-08
4.51249e-08
2.08845e-08
-1.8954e-09
-2.08861e-08
-3.46447e-08
-4.26697e-08
-4.52922e-08
-4.34538e-08
-3.84348e-08
-3.15931e-08
-2.4153e-08
-1.70709e-08
-1.09771e-08
-6.18542e-09
-2.74749e-09
-5.30306e-10
7.02981e-10
1.22364e-09
1.28684e-09
1.10179e-09
8.20181e-10
5.37896e-10
3.04855e-10
1.37996e-10
3.39954e-11
-2.03392e-11
-4.08005e-11
-4.15155e-11
-3.30758e-11
-2.22752e-11
-1.27275e-11
-5.80779e-12
-1.56441e-12
5.7087e-13
1.31975e-12
1.31096e-12
9.89289e-13
6.16568e-13
3.1444e-13
1.15924e-13
8.83463e-15
-3.47512e-14
-4.22114e-14
-3.37354e-14
-2.14163e-14
-1.09675e-14
-4.07946e-15
-4.23729e-16
1.01621e-15
1.23889e-15
9.57461e-16
5.77065e-16
2.73137e-16
8.62474e-17
-3.82427e-18
-3.31711e-17
-3.27517e-17
-2.23659e-17
-1.18734e-17
-4.65453e-18
-8.15383e-19
6.83483e-19
9.36842e-19
7.06793e-19
3.9874e-19
1.68794e-19
4.06792e-20
-1.2343e-20
-2.41094e-20
-1.9232e-20
-1.10223e-20
-4.69735e-21
-1.17179e-21
2.71006e-22
5.86746e-22
4.61907e-22
2.56375e-22
1.03642e-22
2.25029e-23
-8.28034e-24
-1.35174e-23
-9.7555e-24
-4.98599e-24
-1.78368e-24
-2.43735e-25
2.53624e-25
2.81408e-25
1.76031e-25
7.84389e-26
2.21083e-26
-9.50228e-28
-6.25344e-27
-4.96406e-27
-2.58401e-27
-9.2881e-28
-1.42783e-28
1.0327e-28
1.16609e-28
6.95085e-29
2.85959e-29
6.83345e-30
-1.06274e-30
-2.35384e-30
-1.59306e-30
-7.14397e-31
-2.02671e-31
-1.15652e-33
4.21748e-32
3.19607e-32
1.50969e-32
4.6163e-33
3.22355e-34
-6.9678e-34
-5.71567e-34
-2.75208e-34
-8.55896e-35
-7.66029e-36
1.10035e-35
9.19652e-36
4.35747e-36
1.31333e-36
1.03277e-37
-1.68353e-37
-1.32969e-37
-5.97201e-38
-1.65826e-38
-6.26842e-40
2.44141e-39
1.70647e-39
6.99077e-40
1.67444e-40
-7.65465e-42
-3.20795e-41
-1.90174e-41
-6.82044e-42
-1.25736e-42
2.80954e-43
3.64251e-43
1.78653e-43
5.32321e-44
5.47705e-45
-4.49782e-45
-3.4298e-45
-1.36161e-45
-3.07296e-46
1.18e-47
4.85561e-47
2.57775e-47
7.96716e-48
1.04373e-48
-4.53741e-49
-3.7954e-49
-1.47869e-49
-3.21799e-50
9.46003e-52
4.35418e-51
2.15235e-51
6.02242e-52
6.0743e-53
-3.72294e-53
-2.53806e-53
-8.51231e-54
-1.44849e-54
1.96769e-55
2.45408e-55
9.67183e-56
2.08881e-56
1.76384e-58
-1.94837e-57
-9.06258e-58
-2.26591e-58
-1.78065e-59
1.25949e-59
7.07686e-60
1.96162e-60
2.35032e-61
-6.43358e-62
-4.60183e-62
-1.38461e-62
-2.05573e-63
2.27499e-64
2.44884e-64
8.07795e-65
1.44065e-65
-1.77884e-68
-1.02266e-66
-4.11961e-67
-9.57326e-68
-9.4049e-69
3.53239e-69
2.33489e-69
7.10524e-70
9.37685e-71
-2.63382e-71
-1.93088e-71
-5.04703e-72
-1.01742e-73
4.26539e-73
1.57616e-73
1.44971e-74
-9.40915e-75
-4.28741e-75
-5.05659e-76
2.17216e-76
1.06877e-76
1.26452e-77
-5.14146e-78
-2.39856e-78
-2.34587e-79
1.21439e-79
4.74072e-80
2.52042e-81
-2.78156e-81
-7.80376e-82
2.76304e-83
5.65531e-83
8.23828e-84
-2.13035e-84
-7.87686e-85
1.78343e-86
4.30491e-86
3.14016e-87
-1.70521e-87
-2.32331e-88
5.37206e-89
9.16484e-90
-1.42834e-90
-1.95684e-91
2.85215e-92
-1.45434e-93
2.30461e-94
2.86971e-94
-7.12193e-95
-7.69494e-96
4.09342e-96
-2.2619e-97
-9.96635e-98
2.0674e-98
-8.01429e-100
-3.09387e-100
7.09615e-101
-8.49214e-102
6.98082e-103
-4.26345e-104
1.99871e-105
-7.29693e-107
2.08437e-108
-4.65007e-110
8.04392e-112
-1.06561e-113
1.06152e-115
-7.75339e-118
4.01239e-120
-1.40423e-122
3.11655e-125
-4.00087e-128
2.58877e-131
-6.56768e-135
4.82669e-139
0
0
0
0
0
0
0
0
0
0
0
0
0
0
0
0
0
0
0
0
0
0
0
0
0
0
0
0
0
0
0
0
0
0
0
0
