-4.55966e-10
-4.55966e-10
2.16408e-10
8.59487e-10
1.14907e-09
8.87213e-10
1.13507e-10
-8.80847e-10
-1.65711e-09
-1.81968e-09
-1.21598e-09
-5.14769e-11
1.14815e-09
1.73273e-09
1.21108e-09
-4.99983e-10
-2.98404e-09
-5.45548e-09
-7.08098e-09
-7.36871e-09
-6.45736e-09
-5.16376e-09
-4.73949e-09
-6.40589e-09
-1.08317e-08
-1.77494e-08
-2.58593e-08
-3.30708e-08
-3.70097e-08
-3.56411e-08
-2.78243e-08
-1.36561e-08
5.47374e-09
2.71107e-08
4.81799e-08
6.55466e-08
7.65847e-08
7.96484e-08
7.43638e-08
6.16808e-08
4.3668e-08
2.30871e-08
2.83692e-09
-1.45974e-08
-2.75573e-08
-3.53868e-08
-3.83495e-08
-3.73465e-08
-3.35536e-08
-2.81066e-08
-2.19216e-08
-1.56693e-08
-9.84905e-09
-4.87604e-09
-1.1076e-09
1.21472e-09
2.06822e-09
1.72169e-09
7.0773e-10
-3.26417e-10
-8.44657e-10
-6.30365e-10
1.22816e-10
8.93071e-10
1.06434e-09
2.1732e-10
-1.6525e-09
-4.09761e-09
-6.39633e-09
-7.88517e-09
-8.30961e-09
-8.03527e-09
-8.0052e-09
-9.42438e-09
-1.32622e-08
-1.97459e-08
-2.8038e-08
-3.62412e-08
-4.17688e-08
-4.19957e-08
-3.50094e-08
-2.02396e-08
1.22591e-09
2.67366e-08
5.25712e-08
7.46976e-08
8.96059e-08
9.50083e-08
9.02485e-08
7.63443e-08
5.56852e-08
3.14856e-08
7.13846e-09
-1.43813e-08
-3.0949e-08
-4.14971e-08
-4.59943e-08
-4.52453e-08
-4.0586e-08
-3.35544e-08
-2.56058e-08
-1.79134e-08
-1.12703e-08
-6.08212e-09
-2.42651e-09
-1.48606e-10
1.03609e-09
1.45217e-09
1.3998e-09
1.11802e-09
7.72294e-10
4.59558e-10
2.22865e-10
6.91579e-11
-1.44577e-11
-4.83281e-11
-5.23836e-11
-4.22326e-11
-2.81132e-11
-1.55223e-11
-6.54824e-12
-1.25811e-12
1.1991e-12
1.87567e-12
1.65559e-12
1.13197e-12
6.25561e-13
2.61391e-13
5.13984e-14
-4.14945e-14
-6.39612e-14
-5.36458e-14
-3.41631e-14
-1.70267e-14
-5.82802e-15
-1.27046e-16
1.88681e-15
1.98567e-15
1.38922e-15
7.42945e-16
2.86874e-16
4.26325e-17
-5.10262e-17
-6.40451e-17
-4.64314e-17
-2.49217e-17
-9.5485e-18
-1.44361e-18
1.54977e-18
1.90222e-18
1.32002e-18
6.64937e-19
2.27037e-19
1.4993e-20
-5.17682e-20
-5.11796e-20
-3.14153e-20
-1.3747e-20
-3.49393e-21
6.91619e-22
1.55321e-21
1.16294e-21
5.89556e-22
1.98473e-22
1.50087e-23
-3.85578e-23
-3.61465e-23
-2.03225e-23
-7.73762e-24
-1.30918e-24
8.3228e-25
9.90701e-25
5.94997e-25
2.38326e-25
4.83797e-26
-1.75616e-26
-2.48463e-26
-1.52127e-26
-6.06867e-27
-1.22448e-27
4.16307e-28
5.80706e-28
3.42609e-28
1.28942e-28
2.19889e-29
-1.10398e-29
-1.25475e-29
-6.73496e-30
-2.24537e-30
-2.32438e-31
2.83559e-31
2.42958e-31
1.12509e-31
3.02868e-32
-8.36886e-34
-6.26433e-33
-4.03251e-33
-1.52161e-33
-2.67228e-34
9.94006e-35
1.11882e-34
5.43486e-35
1.51542e-35
2.29266e-37
-2.43082e-36
-1.54817e-36
-5.50067e-37
-8.20218e-38
3.94752e-38
3.68322e-38
1.56775e-38
3.49407e-39
-3.76776e-40
-7.51427e-40
-3.75173e-40
-1.01952e-40
-2.44457e-42
1.34264e-41
7.79817e-42
2.38746e-42
2.11428e-43
-2.15064e-43
-1.4382e-43
-4.73344e-44
-5.78736e-45
3.18292e-45
2.3879e-45
8.13753e-46
1.1142e-46
-4.50982e-47
-3.60122e-47
-1.22581e-47
-1.68061e-48
6.28777e-49
4.9471e-49
1.62072e-49
2.01761e-50
-8.63392e-51
-6.16734e-51
-1.86957e-51
-1.84893e-52
1.13549e-52
6.9059e-53
1.85288e-53
1.06441e-54
-1.37476e-54
-6.82575e-55
-1.52683e-55
1.47012e-57
1.47468e-56
5.77948e-57
9.64353e-58
-1.32933e-58
-1.34308e-58
-3.9358e-59
-3.4041e-60
1.96226e-60
9.60515e-61
1.76649e-61
-1.37925e-62
-1.70355e-62
-3.97865e-63
1.05735e-64
2.91239e-64
4.70671e-65
-1.80883e-65
-8.93617e-66
8.62256e-68
1.25763e-66
4.15681e-67
-1.71115e-68
-5.74428e-68
-1.7849e-68
5.252e-70
2.15741e-69
6.44288e-70
-2.1924e-71
-7.25412e-71
-1.96617e-71
1.28062e-72
2.23377e-72
5.03791e-73
-6.6139e-74
-6.23614e-74
-1.03327e-74
2.73236e-75
1.53596e-75
1.41277e-76
-9.13667e-77
-3.17413e-77
2.11387e-79
2.47115e-78
4.83524e-79
-8.79675e-80
-5.10642e-80
-2.79088e-81
3.04051e-81
6.62372e-82
-1.00569e-82
-5.54473e-83
-8.43177e-85
3.16946e-84
3.80607e-85
-1.36951e-85
-3.14201e-86
4.53251e-87
1.78282e-87
-1.10789e-88
-8.07818e-89
1.88948e-90
3.05507e-90
-3.69762e-92
-9.52064e-92
2.70377e-93
2.13518e-93
-1.91555e-94
-6.90806e-96
7.49512e-96
-2.50391e-96
-2.56006e-98
1.51051e-97
-1.68928e-98
-4.40912e-99
1.14653e-99
8.8118e-102
-3.62638e-101
4.6747e-102
2.6186e-103
-1.50564e-103
1.8513e-104
-1.24137e-106
-3.18925e-106
6.20779e-107
-7.31774e-108
6.36225e-109
-4.35213e-110
2.41256e-111
-1.10044e-112
4.16287e-114
-1.31045e-115
3.43364e-117
-7.47185e-119
1.34445e-120
-1.98755e-122
2.39367e-124
-2.32329e-126
1.7932e-128
-1.08264e-130
5.01003e-133
-1.73271e-135
4.3383e-138
-7.54954e-141
8.66146e-144
-6.10858e-147
2.37942e-150
-4.23327e-154
2.56146e-158
0
0
0
0
0
0
0
0
0
0
0
0
0
0
0
0
0
0
0
0
0
0
0
0
0
0
0
0
0
0
0
0
0
0
0
0
0
0
0
0
0
0
0
