-8.64543e-09
-8.64543e-09
-7.68144e-09
-6.2083e-09
-5.54731e-09
-6.90498e-09
-1.08961e-08
-1.72155e-08
-2.45862e-08
-3.10156e-08
-3.42859e-08
-3.2534e-08
-2.47574e-08
-1.11168e-08
7.02657e-09
2.73322e-08
4.69002e-08
6.27988e-08
7.25977e-08
7.48124e-08
6.91735e-08
5.66646e-08
3.93123e-08
1.97661e-08
7.62906e-10
-1.53944e-08
-2.72131e-08
-3.41554e-08
-3.6538e-08
-3.52516e-08
-3.14163e-08
-2.60939e-08
-2.01338e-08
-1.41605e-08
-8.6468e-09
-3.99118e-09
-5.31718e-10
1.51696e-09
2.16218e-09
1.69391e-09
6.4518e-10
-3.6109e-10
-8.30428e-10
-5.88398e-10
1.46888e-10
8.57702e-10
9.58109e-10
6.96251e-11
-1.78197e-09
-4.14618e-09
-6.3291e-09
-7.71309e-09
-8.08327e-09
-7.81352e-09
-7.80987e-09
-9.20053e-09
-1.28641e-08
-1.89611e-08
-2.66478e-08
-3.41023e-08
-3.88902e-08
-3.85848e-08
-3.14689e-08
-1.71088e-08
3.37081e-09
2.74015e-08
5.14516e-08
7.17483e-08
8.5057e-08
8.93257e-08
8.40497e-08
7.0291e-08
5.03763e-08
2.73725e-08
4.47531e-09
-1.5547e-08
-3.07508e-08
-4.01995e-08
-4.3932e-08
-4.27645e-08
-3.79967e-08
-3.11002e-08
-2.34506e-08
-1.61436e-08
-9.90667e-09
-5.09775e-09
-1.7654e-09
2.57889e-10
1.25674e-09
1.54779e-09
1.41922e-09
1.09711e-09
7.35145e-10
4.20654e-10
1.89614e-10
4.42541e-11
-3.11004e-11
-5.81592e-11
-5.72806e-11
-4.39618e-11
-2.80796e-11
-1.4707e-11
-5.55165e-12
-3.88652e-13
1.82847e-12
2.2646e-12
1.85524e-12
1.20607e-12
6.2981e-13
2.35641e-13
1.95671e-14
-6.79239e-14
-8.15494e-14
-6.31918e-14
-3.80413e-14
-1.76626e-14
-5.04213e-15
9.83456e-16
2.80761e-15
2.57276e-15
1.6829e-15
8.43067e-16
2.87205e-16
7.24308e-18
-8.8136e-17
-9.01743e-17
-6.05007e-17
-3.03583e-17
-1.03001e-17
-3.80311e-19
2.86005e-18
2.85195e-18
1.8291e-18
8.57109e-19
2.51591e-19
-2.17577e-20
-9.44673e-20
-8.03175e-20
-4.58114e-20
-1.84039e-20
-3.51588e-21
2.04536e-21
2.79516e-21
1.89691e-21
8.94427e-22
2.62874e-22
-1.33342e-23
-8.13474e-23
-6.57325e-23
-3.43451e-23
-1.18494e-23
-1.09009e-24
2.10087e-24
2.00126e-24
1.11197e-24
4.0901e-25
5.824e-26
-5.2191e-26
-5.53705e-26
-3.13012e-26
-1.15235e-26
-1.69053e-27
1.34458e-27
1.41541e-27
7.73976e-28
2.68838e-28
3.06161e-29
-3.60195e-29
-3.32614e-29
-1.66878e-29
-5.09755e-30
-1.7981e-31
9.31398e-31
7.00814e-31
3.05913e-31
7.34028e-32
-9.93283e-33
-2.13784e-32
-1.27334e-32
-4.53722e-33
-6.28619e-34
4.38277e-34
4.09743e-34
1.89394e-34
4.89329e-35
-2.57479e-36
-1.04572e-35
-6.23912e-36
-2.12491e-36
-2.5396e-37
2.06857e-37
1.71547e-37
7.07435e-38
1.4625e-38
-2.79076e-39
-4.05637e-39
-1.96674e-39
-5.16258e-40
6.97496e-42
8.43308e-41
4.75058e-41
1.43222e-41
9.77756e-43
-1.57649e-42
-1.02114e-42
-3.35179e-43
-3.71922e-44
2.72459e-44
1.98503e-44
6.81897e-45
8.95339e-46
-4.498e-46
-3.52602e-46
-1.22273e-46
-1.65752e-47
7.29531e-48
5.74949e-48
1.94076e-48
2.44814e-49
-1.17077e-49
-8.59144e-50
-2.71793e-50
-2.81094e-51
1.82215e-51
1.16719e-51
3.32109e-52
2.17776e-53
-2.65521e-53
-1.42221e-53
-3.46354e-54
-2.17806e-56
3.49916e-55
1.52476e-55
2.94739e-56
-2.78628e-57
-4.05232e-57
-1.39709e-57
-1.81355e-58
5.85576e-59
4.00477e-59
1.03339e-59
3.87182e-61
-7.68315e-61
-3.21296e-61
-5.21416e-62
8.35169e-63
7.26975e-63
1.80753e-63
1.46861e-65
-1.38787e-64
-4.34116e-65
-1.54736e-66
3.08857e-66
9.26541e-67
-5.37545e-68
-1.08881e-67
-2.39636e-68
5.76224e-69
4.70867e-69
8.37226e-70
-2.84263e-70
-1.9219e-70
-3.09233e-71
1.13566e-71
7.00801e-72
9.97572e-73
-4.20599e-73
-2.28247e-73
-2.5549e-74
1.48359e-74
6.61439e-75
4.36093e-76
-4.87834e-76
-1.67201e-76
7.48496e-80
1.44588e-77
3.52109e-78
-3.66868e-79
-3.73074e-79
-5.45095e-80
1.75669e-80
7.95465e-81
2.88665e-82
-5.38841e-82
-1.23413e-82
1.6394e-83
1.15427e-83
7.70657e-85
-6.56727e-85
-1.46938e-85
2.17065e-86
1.18949e-86
1.08307e-88
-6.80535e-88
-7.4111e-89
3.01952e-89
6.31348e-90
-1.06011e-90
-3.68543e-91
2.90915e-92
1.72875e-92
-6.19035e-94
-6.84578e-94
1.3212e-95
2.2928e-95
-6.18728e-97
-6.05208e-97
4.04171e-98
8.43333e-99
-1.87117e-99
2.91541e-100
3.87289e-101
-2.85914e-101
1.77671e-102
1.17089e-102
-2.06943e-103
-2.08936e-104
9.57396e-105
-5.167e-106
-2.11677e-106
4.28015e-107
-8.86621e-109
-8.55684e-109
1.55916e-109
-9.18692e-111
-1.25413e-111
3.88827e-112
-5.55088e-113
5.58002e-114
-4.36417e-115
2.76718e-116
-1.45242e-117
6.38275e-119
-2.3628e-120
7.38778e-122
-1.95149e-123
4.34749e-125
-8.14034e-127
1.27468e-128
-1.65818e-130
1.77712e-132
-1.55314e-134
1.09322e-136
-6.10472e-139
2.65543e-141
-8.79821e-144
2.15976e-146
-3.79336e-149
4.55687e-152
-3.52359e-155
1.61099e-158
-3.87953e-162
4.51812e-166
-1.99446e-170
0
0
0
0
0
0
0
0
0
0
0
0
0
0
0
0
0
0
0
0
0
0
0
0
0
0
0
0
0
0
0
0
0
0
0
0
0
0
0
0
0
0
0
0
0
0
