-2.55124e-08
-2.55124e-08
-1.56204e-08
-3.75091e-10
1.84608e-08
3.81469e-08
5.5553e-08
6.78368e-08
7.30268e-08
7.03745e-08
6.04214e-08
4.48089e-08
2.59083e-08
6.37027e-09
-1.13225e-08
-2.52308e-08
-3.42126e-08
-3.8022e-08
-3.7236e-08
-3.3029e-08
-2.68456e-08
-2.006e-08
-1.37135e-08
-8.39747e-09
-4.29305e-09
-1.32143e-09
6.80674e-10
1.84285e-09
2.24147e-09
1.9617e-09
1.17848e-09
1.85384e-10
-6.66118e-10
-1.09812e-09
-1.04111e-09
-6.92043e-10
-4.48745e-10
-7.36263e-10
-1.80246e-09
-3.58582e-09
-5.73265e-09
-7.77174e-09
-9.37391e-09
-1.05708e-08
-1.18106e-08
-1.37903e-08
-1.71027e-08
-2.18283e-08
-2.72436e-08
-3.17973e-08
-3.34104e-08
-3.00438e-08
-2.03653e-08
-4.3046e-09
1.66976e-08
3.98445e-08
6.15189e-08
7.80611e-08
8.65772e-08
8.55664e-08
7.52121e-08
5.72825e-08
3.46922e-08
1.08584e-08
-1.09787e-08
-2.8315e-08
-3.97145e-08
-4.4879e-08
-4.44876e-08
-3.98817e-08
-3.2695e-08
-2.45138e-08
-1.66305e-08
-9.91427e-09
-4.79496e-09
-1.32982e-09
6.83465e-10
1.58435e-09
1.74422e-09
1.49301e-09
1.08059e-09
6.67713e-10
3.3695e-10
1.13527e-10
-1.20731e-11
-6.50687e-11
-7.31757e-11
-5.93244e-11
-3.90516e-11
-2.08727e-11
-8.06734e-12
-7.52198e-13
2.39824e-12
3.01223e-12
2.43338e-12
1.53382e-12
7.55861e-13
2.43902e-13
-1.9263e-14
-1.11258e-13
-1.1168e-13
-7.78852e-14
-4.17492e-14
-1.58781e-14
-1.7679e-15
3.69935e-15
4.37586e-15
3.16647e-15
1.70547e-15
6.44618e-16
7.54927e-17
-1.36051e-16
-1.56872e-16
-1.08231e-16
-5.42977e-17
-1.78727e-17
-8.78148e-20
5.39848e-18
5.06031e-18
3.06174e-18
1.30802e-18
2.91369e-19
-1.17685e-19
-1.90068e-19
-1.36111e-19
-6.68699e-20
-2.07001e-20
4.79659e-22
6.113e-21
5.13999e-21
2.75065e-21
9.64434e-22
8.59201e-23
-1.80855e-22
-1.72845e-22
-9.63402e-23
-3.50356e-23
-4.24507e-24
5.31966e-24
5.32497e-24
2.94455e-24
1.03998e-24
1.10067e-25
-1.61698e-25
-1.51369e-25
-7.87939e-26
-2.52267e-26
-1.09727e-27
4.89781e-27
3.91236e-27
1.81712e-27
4.78231e-28
-4.63803e-29
-1.37122e-28
-8.90775e-29
-3.47814e-29
-6.05032e-30
2.95665e-30
3.31931e-30
1.70841e-30
5.10829e-31
9.04743e-33
-9.49247e-32
-6.59488e-32
-2.58433e-32
-4.54901e-33
1.90596e-33
2.10695e-33
1.01713e-33
2.68864e-34
-1.32206e-35
-5.70067e-35
-3.36541e-35
-1.10091e-35
-9.53087e-37
1.32062e-36
9.72644e-37
3.67007e-37
5.79215e-38
-2.6361e-38
-2.5181e-38
-1.05424e-38
-2.10594e-39
4.58595e-40
5.95622e-40
2.68309e-40
5.99951e-41
-7.24227e-42
-1.30809e-41
-6.14294e-42
-1.43476e-42
1.16702e-43
2.69786e-43
1.27473e-43
2.94907e-44
-2.27547e-45
-5.24843e-45
-2.40072e-45
-5.22811e-46
5.39971e-47
9.59349e-47
4.08589e-47
7.89328e-48
-1.3144e-48
-1.62896e-48
-6.22197e-49
-9.7798e-50
2.89516e-50
2.52735e-50
8.33773e-51
8.96314e-52
-5.50907e-52
-3.51366e-52
-9.57099e-53
-3.54423e-54
8.93081e-54
4.2806e-54
8.95447e-55
-6.86299e-56
-1.22519e-55
-4.44024e-56
-6.00439e-57
1.99054e-57
1.40816e-57
3.73055e-58
1.24574e-59
-3.08229e-59
-1.32178e-59
-2.2159e-60
3.79006e-61
3.45517e-61
9.38043e-62
3.24093e-63
-7.19144e-63
-2.82571e-63
-3.44493e-64
1.31945e-64
7.40577e-65
1.21646e-65
-2.86236e-66
-2.00795e-66
-3.35064e-67
9.85386e-68
6.43175e-68
9.04982e-69
-4.28446e-69
-2.35976e-69
-2.63969e-70
1.82849e-70
8.80732e-71
7.63399e-72
-7.26773e-72
-3.08924e-72
-1.76048e-73
2.69442e-73
9.80618e-74
1.45229e-75
-9.27662e-75
-2.73952e-75
1.31908e-76
2.91685e-76
6.45963e-77
-9.70052e-78
-8.17046e-78
-1.16529e-78
4.19987e-79
1.96862e-79
1.02939e-80
-1.37591e-80
-3.81826e-81
2.79497e-82
3.53939e-82
4.89208e-83
-1.71976e-83
-6.78638e-84
4.08181e-86
4.88865e-85
7.64835e-86
-2.1476e-86
-8.23055e-87
2.58446e-88
5.54689e-88
5.1412e-89
-2.74338e-89
-5.85914e-90
9.84292e-91
4.06049e-91
-1.97791e-92
-2.20515e-92
-4.02713e-94
1.01512e-93
6.39213e-95
-4.13055e-95
-3.75617e-96
1.52783e-96
1.50752e-97
-5.19296e-98
-4.08599e-99
1.57166e-99
3.51186e-101
-3.62723e-101
3.62077e-102
1.40642e-103
-2.41846e-103
4.74761e-104
6.79152e-105
-3.26135e-105
6.82658e-107
1.23333e-106
-1.64091e-107
-2.24614e-108
7.86309e-109
-3.50603e-110
-1.66341e-110
3.23384e-111
-8.439e-113
-5.86064e-113
1.12914e-113
-7.8843e-115
-6.37888e-116
2.51443e-116
-3.87008e-117
4.1405e-118
-3.45503e-119
2.35369e-120
-1.33945e-121
6.45009e-123
-2.64762e-124
9.30064e-126
-2.80047e-127
7.2266e-129
-1.59553e-130
3.00515e-132
-4.80841e-134
6.50067e-136
-7.376e-138
6.96714e-140
-5.42534e-142
3.44262e-144
-1.75559e-146
7.07651e-149
-2.20992e-151
5.21769e-154
-9.03592e-157
1.10472e-159
-9.07266e-163
4.67929e-166
-1.37865e-169
2.04299e-173
-1.26044e-177
1.75518e-182
0
0
0
0
0
0
0
0
0
0
0
0
0
0
0
0
0
0
0
0
0
0
0
0
0
0
0
0
0
0
0
0
0
0
0
0
0
0
0
0
0
0
0
0
0
0
0
0
0
