2.92913e-08
2.92913e-08
3.415e-08
3.46805e-08
3.14843e-08
2.57588e-08
1.90406e-08
1.28201e-08
8.14855e-09
5.38141e-09
4.15852e-09
3.63444e-09
2.8713e-09
1.24083e-09
-1.32032e-09
-4.29816e-09
-6.8298e-09
-8.07817e-09
-7.60652e-09
-5.61261e-09
-2.93928e-09
-8.5865e-10
-6.99272e-10
-3.4282e-09
-9.30446e-09
-1.76951e-08
-2.71032e-08
-3.541e-08
-4.02922e-08
-3.97345e-08
-3.25323e-08
-1.86655e-08
5.62001e-10
2.26775e-08
4.44799e-08
6.26743e-08
7.45472e-08
7.85069e-08
7.43496e-08
6.31897e-08
4.71003e-08
2.85875e-08
1.00639e-08
-6.53788e-09
-1.99412e-08
-2.95041e-08
-3.50816e-08
-3.68701e-08
-3.53068e-08
-3.10381e-08
-2.49199e-08
-1.79824e-08
-1.13138e-08
-5.86565e-09
-2.234e-09
-5.08544e-10
-2.6596e-10
-7.35114e-10
-1.08926e-09
-7.61321e-10
3.40946e-10
1.81057e-09
2.92549e-09
2.97373e-09
1.59067e-09
-1.03269e-09
-4.16632e-09
-6.79314e-09
-8.01269e-09
-7.44712e-09
-5.48872e-09
-3.27676e-09
-2.3836e-09
-4.29384e-09
-9.8376e-09
-1.87651e-08
-2.96126e-08
-3.99249e-08
-4.67905e-08
-4.75539e-08
-4.05136e-08
-2.5418e-08
-3.63077e-09
2.20793e-08
4.80645e-08
7.05103e-08
8.61627e-08
9.29099e-08
9.01022e-08
7.85672e-08
6.03464e-08
3.82376e-08
1.52573e-08
-5.86089e-09
-2.30443e-08
-3.50848e-08
-4.16626e-08
-4.32187e-08
-4.0732e-08
-3.5458e-08
-2.8685e-08
-2.15453e-08
-1.48986e-08
-9.28958e-09
-4.96569e-09
-1.93498e-09
-4.2559e-11
9.528e-10
1.3146e-09
1.28345e-09
1.05172e-09
7.55111e-10
4.76273e-10
2.55345e-10
1.02847e-10
1.18372e-11
-3.24491e-11
-4.60633e-11
-4.26868e-11
-3.21957e-11
-2.06664e-11
-1.11275e-11
-4.5423e-12
-7.08051e-13
1.07084e-12
1.56151e-12
1.39197e-12
9.85849e-13
5.79381e-13
2.72142e-13
8.14597e-14
-1.43346e-14
-4.78838e-14
-4.82057e-14
-3.547e-14
-2.10707e-14
-9.91134e-15
-3.0235e-15
3.58151e-16
1.48993e-15
1.47199e-15
1.03898e-15
5.80847e-16
2.47617e-16
5.72764e-17
-2.58538e-17
-4.64449e-17
-3.91071e-17
-2.44471e-17
-1.18585e-17
-3.92176e-18
-5.75982e-20
1.21803e-18
1.23159e-18
8.30092e-19
4.26905e-19
1.57548e-19
2.03288e-20
-2.87991e-20
-3.43048e-20
-2.39287e-20
-1.23879e-20
-4.5528e-21
-6.35275e-22
7.41154e-22
8.73503e-22
5.82335e-22
2.91168e-22
9.92617e-23
3.30872e-24
-2.39882e-23
-2.19203e-23
-1.36485e-23
-5.79026e-24
-1.44757e-24
3.10193e-25
6.72084e-25
4.3944e-25
2.06795e-25
7.75482e-26
1.29247e-26
-3.23117e-27
-9.69352e-27
-6.86625e-27
-4.03897e-27
-1.21169e-27
-2.01948e-28
2.52435e-28
2.1457e-28
8.83524e-29
2.52435e-29
6.31089e-30
0
-3.15544e-30
-2.76101e-30
-1.57772e-30
-1.97215e-31
9.86076e-32
9.86076e-32
6.16298e-32
1.84889e-32
0
-4.62223e-33
-3.65927e-33
-1.15556e-33
-3.85186e-34
-4.81482e-35
6.01853e-36
3.00927e-35
2.40741e-35
1.20371e-35
3.76158e-36
-9.40395e-38
-1.12847e-36
-5.64237e-37
-1.41059e-37
0
1.17549e-38
5.87747e-39
1.46937e-39
5.51013e-40
0
-1.37753e-40
-9.18355e-41
-4.0178e-41
-1.14794e-41
0
2.86986e-42
1.6143e-42
3.58732e-43
0
-3.36312e-44
-1.89175e-44
-7.70714e-45
-1.4013e-45
-1.75162e-46
2.62743e-46
1.97058e-46
5.47382e-47
8.21073e-48
-2.90797e-48
-3.07902e-48
-1.1974e-48
-2.9935e-49
3.47459e-50
4.27642e-50
1.87094e-50
4.17619e-51
4.17619e-52
-4.17619e-52
-2.40131e-52
-7.43885e-53
-1.17455e-53
3.91518e-54
3.18109e-54
1.09095e-54
1.42741e-55
-4.07832e-56
-3.18618e-56
-1.16296e-56
-1.91171e-57
2.78791e-58
2.78791e-58
9.7079e-59
1.68021e-59
-7.77877e-61
-2.02248e-60
-7.97324e-61
-1.43421e-61
7.2926e-63
1.45852e-62
4.86173e-63
9.11575e-64
-1.13947e-64
-9.97035e-65
-3.32345e-65
-4.74778e-66
1.63205e-66
5.93473e-67
1.48368e-67
9.27302e-69
-9.27302e-69
-4.63651e-69
0
0
-7.24454e-71
0
4.52784e-72
2.8299e-72
5.6598e-73
-5.6598e-73
-1.41495e-73
0
6.63258e-75
2.21086e-75
2.76357e-76
-1.38179e-76
-6.90893e-77
-2.37495e-77
2.15904e-78
2.56386e-78
4.0482e-79
-3.3735e-80
-4.63857e-80
-6.32532e-81
3.55799e-81
1.05422e-81
-2.47083e-83
-7.41248e-83
-1.59574e-83
2.57378e-84
1.09386e-84
-3.21722e-86
-7.64091e-86
-8.04306e-87
2.7648e-87
6.28364e-88
-5.89091e-89
-3.33818e-89
1.59546e-90
1.35e-90
-1.15057e-92
-4.41051e-92
5.99255e-95
1.01873e-93
-4.11988e-95
-4.68168e-96
2.2238e-96
-1.19968e-96
1.46302e-98
6.58361e-98
-8.51526e-99
-1.60018e-99
4.81305e-100
-1.43711e-101
-1.09667e-101
1.99521e-102
-7.84827e-104
-2.62154e-104
6.16723e-105
-7.63665e-106
6.63144e-107
-4.37626e-108
2.27123e-109
-9.42312e-111
3.14843e-112
-8.48639e-114
1.84116e-115
-3.19698e-117
4.40382e-119
-4.75392e-121
3.95746e-123
-2.488e-125
1.14983e-127
-3.77266e-130
8.40536e-133
-1.20276e-135
1.03405e-138
-4.91306e-142
1.13707e-145
-9.40052e-150
1.46473e-154
0
0
0
0
0
0
0
0
0
0
0
0
0
0
0
0
0
0
0
0
0
0
0
0
0
0
0
0
0
0
0
0
0
0
0
0
0
0
