-7.72134e-09
-7.72134e-09
-6.4014e-09
-5.97622e-09
-7.61109e-09
-1.18382e-08
-1.82489e-08
-2.54726e-08
-3.14654e-08
-3.40251e-08
-3.1379e-08
-2.26777e-08
-8.26653e-09
1.0319e-08
3.06174e-08
4.96914e-08
6.46662e-08
7.32519e-08
7.41569e-08
6.73161e-08
5.3888e-08
3.60132e-08
1.63788e-08
-2.31521e-09
-1.78604e-08
-2.88909e-08
-3.50005e-08
-3.66194e-08
-3.47185e-08
-3.04602e-08
-2.49135e-08
-1.8908e-08
-1.30315e-08
-7.71178e-09
-3.30088e-09
-9.32239e-11
1.73357e-09
2.21362e-09
1.6497e-09
5.7136e-10
-4.17563e-10
-8.52153e-10
-5.88845e-10
1.3278e-10
7.91217e-10
8.16441e-10
-1.40671e-10
-2.02461e-09
-4.37003e-09
-6.49397e-09
-7.81634e-09
-8.17484e-09
-7.98957e-09
-8.18223e-09
-9.84884e-09
-1.37855e-08
-2.00359e-08
-2.76377e-08
-3.46877e-08
-3.87414e-08
-3.74506e-08
-2.9258e-08
-1.3941e-08
7.16168e-09
3.13164e-08
5.49165e-08
7.42257e-08
8.61516e-08
8.88602e-08
8.20939e-08
6.71404e-08
4.64883e-08
2.32757e-08
6.75533e-10
-1.86466e-08
-3.29005e-08
-4.13186e-08
-4.40927e-08
-4.21522e-08
-3.68587e-08
-2.96948e-08
-2.20056e-08
-1.48305e-08
-8.83038e-09
-4.30007e-09
-1.23795e-09
5.56427e-10
1.38345e-09
1.56142e-09
1.37065e-09
1.02457e-09
6.63338e-10
3.62494e-10
1.49293e-10
2.05263e-11
-4.20935e-11
-6.08689e-11
-5.55664e-11
-4.05956e-11
-2.47184e-11
-1.21146e-11
-3.90109e-12
4.60792e-13
2.12872e-12
2.25827e-12
1.72233e-12
1.05491e-12
5.10567e-13
1.60839e-13
-1.73917e-14
-7.98675e-14
-8.0431e-14
-5.7355e-14
-3.2074e-14
-1.33751e-14
-2.64038e-15
1.97462e-15
2.98508e-15
2.40225e-15
1.44085e-15
6.5156e-16
1.74106e-16
-4.24215e-17
-9.99427e-17
-8.52653e-17
-5.16106e-17
-2.31301e-17
-6.07196e-18
1.42063e-18
3.25435e-18
2.65947e-18
1.51958e-18
6.21828e-19
1.24514e-19
-6.91391e-20
-1.00162e-19
-7.13625e-20
-3.55754e-20
-1.11173e-20
7.41154e-22
3.91753e-21
3.07049e-21
1.37643e-21
5.29396e-22
3.17637e-22
3.17637e-22
0
-4.23516e-22
-8.47033e-22
-1.05879e-21
-1.48231e-21
-1.69407e-21
-1.48231e-21
-1.05879e-21
-4.23516e-22
-2.11758e-22
-2.11758e-22
-2.11758e-22
-2.11758e-22
0
0
0
4.23516e-22
8.47033e-22
1.27055e-21
1.27055e-21
8.47033e-22
8.47033e-22
8.47033e-22
0
0
0
0
0
0
0
0
0
0
0
0
0
0
0
0
0
0
0
0
0
0
0
0
0
0
0
0
0
0
0
0
0
0
0
0
0
0
0
0
0
0
0
0
0
0
0
0
0
0
0
0
0
0
0
0
0
0
0
0
0
0
0
0
0
0
0
0
0
0
0
0
0
0
0
0
0
0
0
0
0
0
0
0
0
0
0
0
0
0
0
0
0
0
0
0
0
0
0
0
0
0
0
0
0
0
0
0
0
0
0
0
0
0
0
0
0
0
0
0
0
0
0
0
0
0
0
0
0
0
0
0
0
0
0
0
0
0
0
0
0
0
0
0
0
0
0
0
0
0
0
0
0
0
0
0
0
0
0
0
0
0
0
0
0
0
0
0
0
0
0
0
0
0
0
0
0
0
0
0
0
0
0
0
0
0
0
0
0
0
0
0
0
0
0
0
0
0
0
0
0
0
0
0
0
0
0
0
0
0
0
0
0
0
0
0
0
0
0
0
0
0
0
0
0
0
0
0
0
0
0
