3.22674e-08
3.22674e-08
2.69961e-08
2.04378e-08
1.41194e-08
9.17959e-09
6.08631e-09
4.58397e-09
3.89346e-09
3.08861e-09
1.50191e-09
-9.99056e-10
-3.96835e-09
-6.58199e-09
-7.99692e-09
-7.72733e-09
-5.89638e-09
-3.27322e-09
-1.08306e-09
-6.52077e-10
-2.99423e-09
-8.45613e-09
-1.65139e-08
-2.57756e-08
-3.41983e-08
-3.94836e-08
-3.95792e-08
-3.31837e-08
-2.01364e-08
-1.58592e-09
2.01302e-08
4.18931e-08
6.04175e-08
7.29238e-08
7.76973e-08
7.43853e-08
6.39654e-08
4.84143e-08
3.01975e-08
1.17396e-08
-4.98012e-09
-1.86248e-08
-2.84981e-08
-3.44146e-08
-3.65427e-08
-3.52957e-08
-3.12942e-08
-2.53651e-08
-1.85137e-08
-1.18194e-08
-6.24966e-09
-2.44221e-09
-5.44156e-10
-1.86742e-10
-6.30633e-10
-1.04538e-09
-8.25243e-10
1.80872e-10
1.62121e-09
2.80168e-09
2.99752e-09
1.79314e-09
-6.90764e-10
-3.78563e-09
-6.49996e-09
-7.90795e-09
-7.55927e-09
-5.74887e-09
-3.52775e-09
-2.42325e-09
-3.94033e-09
-8.9971e-09
-1.74796e-08
-2.80715e-08
-3.84345e-08
-4.5708e-08
-4.72033e-08
-4.11048e-08
-2.69918e-08
-6.0417e-09
1.9137e-08
4.49966e-08
6.7743e-08
8.40628e-08
9.17218e-08
8.99144e-08
7.93116e-08
6.18267e-08
4.01778e-08
1.73577e-08
-3.87291e-09
-2.13764e-08
-3.38603e-08
-4.09188e-08
-4.29204e-08
-4.07937e-08
-3.57691e-08
-2.91329e-08
-2.20323e-08
-1.53522e-08
-9.66536e-09
-5.24494e-09
-2.11896e-09
-1.45376e-10
9.1093e-10
1.31273e-09
1.30342e-09
1.07989e-09
7.82671e-10
4.98612e-10
2.70962e-10
1.12189e-10
1.63054e-11
-3.12185e-11
-4.66261e-11
-4.39795e-11
-3.35571e-11
-2.17684e-11
-1.18715e-11
-4.96048e-12
-8.87154e-13
1.03782e-12
1.59962e-12
1.45159e-12
1.04025e-12
6.18279e-13
2.94939e-13
9.18872e-14
-1.16111e-14
-4.89742e-14
-5.05344e-14
-3.76702e-14
-2.26288e-14
-1.0796e-14
-3.40538e-15
2.7424e-16
1.54211e-15
1.56014e-15
1.11502e-15
6.3025e-16
2.72764e-16
6.61867e-17
-2.54264e-17
-4.91516e-17
-4.20823e-17
-2.65926e-17
-1.30452e-17
-4.40627e-18
-1.50772e-19
1.28749e-18
1.33323e-18
9.09713e-19
4.73491e-19
1.77877e-19
2.6258e-20
-2.96462e-20
-3.57871e-20
-2.39287e-20
-1.09055e-20
-2.32934e-21
2.11758e-21
4.23516e-21
4.65868e-21
3.81165e-21
2.11758e-21
8.47033e-22
8.47033e-22
1.69407e-21
2.5411e-21
2.5411e-21
2.5411e-21
1.69407e-21
1.69407e-21
1.69407e-21
2.11758e-21
1.90582e-21
1.69407e-21
1.27055e-21
8.47033e-22
0
0
0
0
0
0
0
-8.47033e-22
-8.47033e-22
-8.47033e-22
0
0
0
0
-2.64698e-23
-4.63221e-23
-4.63221e-23
-2.64698e-23
-1.32349e-23
-6.61744e-24
0
0
0
4.1359e-25
0
-2.06795e-25
-2.06795e-25
-1.55096e-25
-2.58494e-26
9.69352e-27
3.23117e-27
0
0
0
0
0
0
0
0
0
0
0
0
0
0
0
0
0
0
0
0
0
0
0
0
0
0
0
0
0
0
0
0
0
0
0
0
0
0
0
0
0
0
0
0
0
0
0
0
0
0
0
0
0
0
0
0
0
0
0
0
0
0
0
0
0
0
0
0
0
0
0
0
0
0
0
0
0
0
0
0
0
0
0
0
0
0
0
0
0
0
0
0
0
0
0
0
0
0
0
0
0
0
0
0
0
0
0
0
0
0
0
0
0
0
0
0
0
0
0
0
0
0
0
0
0
0
0
0
0
0
0
0
0
0
0
0
0
0
0
0
0
0
0
0
0
0
0
0
0
0
0
0
0
0
0
0
0
0
0
0
0
0
0
0
0
0
0
0
0
0
0
0
0
0
0
0
0
0
0
0
0
0
0
0
0
0
0
0
0
0
