3.33097e-08
3.33097e-08
2.86702e-08
2.22742e-08
1.56844e-08
1.02031e-08
6.53519e-09
4.64969e-09
3.89748e-09
3.34082e-09
2.16781e-09
2.99682e-11
-2.82529e-09
-5.67259e-09
-7.62364e-09
-8.01357e-09
-6.71214e-09
-4.24739e-09
-1.7004e-09
-4.06141e-10
-1.55224e-09
-5.78991e-09
-1.29607e-08
-2.20098e-08
-3.11155e-08
-3.8017e-08
-4.04856e-08
-3.6847e-08
-2.64361e-08
-9.87014e-09
1.09514e-08
3.31485e-08
5.34118e-08
6.86771e-08
7.67508e-08
7.67223e-08
6.90602e-08
5.53873e-08
3.80232e-08
1.94461e-08
1.83324e-09
-1.32168e-08
-2.4752e-08
-3.23784e-08
-3.61105e-08
-3.62464e-08
-3.33116e-08
-2.80532e-08
-2.14275e-08
-1.45225e-08
-8.39195e-09
-3.83519e-09
-1.20147e-09
-3.07032e-10
-5.19975e-10
-1.00208e-09
-1.02805e-09
-2.62522e-10
1.11718e-09
2.50796e-09
3.15035e-09
2.47656e-09
3.95672e-10
-2.60707e-09
-5.61189e-09
-7.60773e-09
-7.91548e-09
-6.52971e-09
-4.23723e-09
-2.44431e-09
-2.74558e-09
-6.36159e-09
-1.36246e-08
-2.3687e-08
-3.45623e-08
-4.35112e-08
-4.76797e-08
-4.48208e-08
-3.39077e-08
-1.54743e-08
8.4044e-09
3.44849e-08
5.89846e-08
7.83145e-08
8.97445e-08
9.1863e-08
8.47482e-08
6.98428e-08
4.95881e-08
2.69206e-08
4.74488e-09
-1.45118e-08
-2.9194e-08
-3.85323e-08
-4.25905e-08
-4.20878e-08
-3.81537e-08
-3.20725e-08
-2.50645e-08
-1.81326e-08
-1.19818e-08
-7.00793e-09
-3.33617e-09
-8.89203e-10
5.35169e-10
1.19298e-09
1.33905e-09
1.19157e-09
9.1529e-10
6.19335e-10
3.64558e-10
1.75503e-10
5.3138e-11
-1.41116e-11
-4.22058e-11
-4.63813e-11
-3.86261e-11
-2.70031e-11
-1.60715e-11
-7.79082e-12
-2.4899e-12
3.30099e-13
1.43966e-12
1.56264e-12
1.23962e-12
8.06838e-13
4.33168e-13
1.75381e-13
2.87762e-14
-3.6154e-14
-5.1977e-14
-4.43532e-14
-2.95891e-14
-1.59996e-14
-6.52583e-15
-1.19989e-15
1.09592e-15
1.62199e-15
1.34667e-15
8.57377e-16
4.32229e-16
1.54502e-16
1.13426e-17
-4.15972e-17
-4.70311e-17
-3.43582e-17
-1.93767e-17
-8.27212e-18
-1.96512e-18
7.36919e-19
1.37728e-18
1.13333e-18
6.82709e-19
3.11708e-19
8.97855e-20
-1.01644e-20
-3.72694e-20
-3.21873e-20
-1.94818e-20
-9.1056e-21
-2.64698e-21
1.32349e-22
9.13207e-22
8.07328e-22
4.76456e-22
2.11758e-22
5.9557e-23
-9.92617e-24
-2.48154e-23
-1.86116e-23
-9.92617e-24
-3.30872e-24
0
6.20385e-25
5.68687e-25
4.00666e-25
1.68021e-25
5.16988e-26
1.29247e-26
-3.23117e-27
-4.84676e-27
-4.03897e-27
-2.82728e-27
-8.07794e-28
2.01948e-28
4.03897e-28
2.65057e-28
8.83524e-29
2.52435e-29
0
-6.31089e-30
-4.73317e-30
-1.57772e-30
-7.88861e-31
-3.9443e-31
0
7.39557e-32
4.93038e-32
1.2326e-32
-6.16298e-33
-7.70372e-33
-3.65927e-33
-1.15556e-33
-3.85186e-34
9.62965e-35
1.08334e-34
3.00927e-35
1.80556e-35
9.0278e-36
3.00927e-36
5.64237e-37
-5.64237e-37
-5.64237e-37
-1.88079e-37
-3.52648e-38
1.17549e-38
0
-1.46937e-39
-5.51013e-40
-1.83671e-40
-1.83671e-40
-6.88766e-41
-2.86986e-41
-8.60958e-42
0
2.86986e-42
1.70398e-42
6.27782e-43
4.48416e-44
-3.36312e-44
-2.24208e-44
-7.00649e-45
-1.4013e-45
0
2.40848e-46
1.97058e-46
4.37906e-47
-2.73691e-48
-4.78959e-48
-3.42114e-48
-1.36846e-48
-3.42114e-49
4.27642e-50
5.34553e-50
1.87094e-50
4.67734e-51
-4.17619e-52
-6.68191e-52
-3.34096e-52
-8.09138e-53
-3.91518e-54
5.87277e-54
3.58892e-54
1.2031e-54
1.63133e-55
-7.13705e-56
-4.97045e-56
-1.37006e-56
-2.07102e-57
6.37237e-58
4.28143e-58
1.29439e-58
2.11583e-59
-2.33363e-60
-2.95593e-60
-1.08903e-60
-1.75022e-61
1.94469e-62
2.06624e-62
6.07716e-63
1.21543e-63
-1.51929e-64
-1.13947e-64
-3.79823e-65
-2.37389e-66
1.48368e-66
8.90209e-67
1.48368e-67
-9.27302e-69
-9.27302e-69
-4.63651e-69
-1.15913e-69
-5.79563e-70
0
3.62227e-71
1.81114e-71
0
0
-8.4897e-73
-2.12242e-73
0
8.84344e-75
6.63258e-75
1.10543e-75
-4.14536e-76
-6.90893e-77
-3.45447e-77
0
1.07952e-78
2.6988e-79
-2.0241e-79
-6.32532e-80
-2.10844e-80
2.10844e-81
1.84488e-81
6.58887e-83
-1.15305e-82
-3.29444e-83
1.02951e-84
2.57378e-84
1.44775e-85
-1.0456e-85
-2.7648e-86
2.51346e-87
1.74371e-87
7.85455e-89
-5.89091e-89
-7.85455e-90
2.45455e-90
3.98864e-91
-8.24574e-92
-1.43821e-92
2.15732e-93
3.59553e-94
-4.86894e-95
0
0
-4.27934e-97
7.86375e-98
1.73734e-98
-5.84352e-99
-6.4293e-101
2.1431e-100
-2.55609e-101
-2.53935e-102
1.03074e-102
-9.98475e-104
-4.65991e-105
2.69784e-105
-4.2569e-106
4.33114e-107
-3.25428e-108
1.90012e-109
-8.82351e-111
3.29571e-112
-9.94457e-114
2.42353e-115
-4.75195e-117
7.44437e-119
-9.22387e-121
8.91712e-123
-6.60802e-125
3.66879e-127
-1.48176e-129
4.19159e-132
-7.91463e-135
9.40008e-138
-6.54802e-141
2.42511e-144
-4.09351e-148
2.38707e-152
0
0
0
0
0
0
0
0
0
0
0
0
0
0
0
0
0
0
0
0
0
0
0
0
0
0
0
0
0
0
0
0
0
0
0
0
0
0
0
