-7.484e-09
-7.484e-09
-8.62443e-09
-8.11483e-09
-6.86104e-09
-6.15937e-09
-7.26642e-09
-1.09094e-08
-1.69181e-08
-2.41248e-08
-3.05847e-08
-3.40572e-08
-3.26042e-08
-2.51301e-08
-1.17173e-08
6.31841e-09
2.66486e-08
4.63621e-08
6.25034e-08
7.26103e-08
7.51561e-08
6.98163e-08
5.75127e-08
4.0219e-08
2.05626e-08
1.30361e-09
-1.51867e-08
-2.73233e-08
-3.44846e-08
-3.69444e-08
-3.56053e-08
-3.16462e-08
-2.62044e-08
-2.01862e-08
-1.42296e-08
-8.77579e-09
-4.16651e-09
-6.91119e-10
1.44878e-09
2.229e-09
1.87826e-09
8.69555e-10
-2.01232e-10
-8.173e-10
-7.3998e-10
-1.09698e-10
6.10626e-10
8.39827e-10
1.49135e-10
-1.521e-09
-3.8038e-09
-6.05035e-09
-7.6276e-09
-8.24871e-09
-8.18674e-09
-8.2585e-09
-9.55122e-09
-1.29691e-08
-1.87571e-08
-2.61855e-08
-3.35342e-08
-3.84224e-08
-3.84089e-08
-3.16979e-08
-1.77393e-08
2.4605e-09
2.64169e-08
5.06242e-08
7.12732e-08
8.50442e-08
8.97778e-08
8.48696e-08
7.13132e-08
5.14121e-08
2.82534e-08
5.08639e-09
-1.52525e-08
-3.07546e-08
-4.04348e-08
-4.43073e-08
-4.31873e-08
-3.83917e-08
-3.14189e-08
-2.36728e-08
-1.62726e-08
-9.96111e-09
-5.10259e-09
-1.7448e-09
2.85121e-10
1.27892e-09
1.55991e-09
1.4212e-09
1.09169e-09
7.25936e-10
4.1086e-10
1.81379e-10
3.85526e-11
-3.42257e-11
-5.9228e-11
-5.70226e-11
-4.3062e-11
-2.70443e-11
-1.38312e-11
-4.9504e-12
-5.70645e-14
1.95541e-12
2.26656e-12
1.7999e-12
1.13887e-12
5.74381e-13
1.99583e-13
1.21793e-15
-7.39428e-14
-8.08315e-14
-5.99208e-14
-3.46568e-14
-1.5194e-14
-3.64408e-15
1.55837e-15
2.89747e-15
2.45253e-15
1.52097e-15
7.15759e-16
2.12302e-16
-2.50997e-17
-9.49854e-17
-8.58455e-17
-5.37106e-17
-2.49777e-17
-7.20529e-18
8.9579e-19
3.09373e-18
2.66201e-18
1.56828e-18
6.66191e-19
1.51619e-19
-5.68571e-20
-9.66676e-20
-7.16802e-20
-3.70577e-20
-1.27055e-20
-7.41154e-22
2.75286e-21
2.22346e-21
7.41154e-22
-2.11758e-22
-5.29396e-22
-5.29396e-22
-6.35275e-22
-8.47033e-22
-1.05879e-21
-1.05879e-21
-1.27055e-21
-1.27055e-21
-1.27055e-21
-1.05879e-21
-8.47033e-22
-6.35275e-22
-4.23516e-22
-2.11758e-22
0
0
0
-4.23516e-22
0
0
0
0
0
0
0
0
0
0
0
0
0
0
0
0
0
0
0
0
0
0
0
0
0
0
0
0
0
0
0
0
0
0
0
0
0
0
0
0
0
0
0
0
0
0
0
0
0
0
0
0
0
0
0
0
0
0
0
0
0
0
0
0
0
0
0
0
0
0
0
0
0
0
0
0
0
0
0
0
0
0
0
0
0
0
0
0
0
0
0
0
0
0
0
0
0
0
0
0
0
0
0
0
0
0
0
0
0
0
0
0
0
0
0
0
0
0
0
0
0
0
0
0
0
0
0
0
0
0
0
0
0
0
0
0
0
0
0
0
0
0
0
0
0
0
0
0
0
0
0
0
0
0
0
0
0
0
0
0
0
0
0
0
0
0
0
0
0
0
0
0
0
0
0
0
0
0
0
0
0
0
0
0
0
0
0
0
0
0
0
0
0
0
0
0
0
0
0
0
0
0
0
0
0
0
0
0
0
0
0
0
0
0
0
0
0
0
0
0
0
0
0
0
0
0
0
0
0
0
0
0
0
0
0
0
