-8.83855e-10
-8.83855e-10
-4.75874e-10
2.14781e-10
8.82733e-10
1.19208e-09
9.3303e-10
1.40102e-10
-8.89618e-10
-1.70176e-09
-1.88206e-09
-1.26536e-09
-5.73828e-11
1.20216e-09
1.84096e-09
1.34718e-09
-3.72527e-10
-2.8967e-09
-5.42098e-09
-7.08587e-09
-7.37439e-09
-6.40887e-09
-5.00397e-09
-4.42629e-09
-5.92958e-09
-1.02296e-08
-1.71137e-08
-2.5333e-08
-3.28283e-08
-3.72222e-08
-3.64316e-08
-2.92247e-08
-1.55801e-08
3.23245e-09
2.48481e-08
4.62268e-08
6.42025e-08
7.60575e-08
8.00161e-08
7.5566e-08
6.35393e-08
4.59275e-08
2.54634e-08
5.06304e-09
-1.27374e-08
-2.62077e-08
-3.46125e-08
-3.81389e-08
-3.76231e-08
-3.41938e-08
-2.89618e-08
-2.28431e-08
-1.65307e-08
-1.0563e-08
-5.40185e-09
-1.44792e-09
1.02576e-09
1.98185e-09
1.69102e-09
6.99691e-10
-3.26186e-10
-8.34134e-10
-5.98525e-10
1.86734e-10
9.91758e-10
1.18866e-09
3.47921e-10
-1.53846e-09
-4.01634e-09
-6.34708e-09
-7.84347e-09
-8.22784e-09
-7.85271e-09
-7.66715e-09
-8.90648e-09
-1.25933e-08
-1.90214e-08
-2.74164e-08
-3.59213e-08
-4.19487e-08
-4.28233e-08
-3.65356e-08
-2.23875e-08
-1.33473e-09
2.40786e-08
5.01858e-08
7.29414e-08
8.87549e-08
9.5205e-08
9.14764e-08
7.84333e-08
5.83469e-08
3.43684e-08
9.88996e-09
-1.2058e-08
-2.92552e-08
-4.05204e-08
-4.57132e-08
-4.55516e-08
-4.13174e-08
-3.45302e-08
-2.66572e-08
-1.89059e-08
-1.21142e-08
-6.73326e-09
-2.87936e-09
-4.25194e-10
8.98389e-10
1.4114e-09
1.41731e-09
1.16303e-09
8.23521e-10
5.04615e-10
2.5641e-10
9.06009e-11
-3.08998e-12
-4.40453e-11
-5.22961e-11
-4.40866e-11
-3.04351e-11
-1.75283e-11
-7.9525e-12
-2.07051e-12
8.35337e-13
1.79062e-12
1.70805e-12
1.22772e-12
7.14148e-13
3.23771e-13
8.66713e-14
-2.64554e-14
-6.09259e-14
-5.60644e-14
-3.79604e-14
-2.02439e-14
-7.88785e-15
-1.15113e-15
1.54626e-15
1.99393e-15
1.51856e-15
8.74268e-16
3.7729e-16
9.00252e-17
-3.36121e-17
-6.2414e-17
-5.05856e-17
-2.95827e-17
-1.27917e-17
-3.11721e-18
9.56756e-19
1.8577e-18
1.46234e-18
8.13976e-19
3.24236e-19
6.10248e-20
-3.80195e-20
-5.21079e-20
-3.62946e-20
-1.792e-20
-5.86563e-21
-2.51576e-22
1.37949e-21
1.27164e-21
7.32819e-22
2.93751e-22
5.88423e-23
-2.63181e-23
-3.72805e-23
-2.44807e-23
-1.09395e-23
-2.91682e-24
3.11422e-25
9.65244e-25
7.0335e-25
3.32347e-25
9.76809e-26
-7.93624e-28
-2.32781e-26
-1.79217e-26
-8.54742e-27
-2.52082e-27
-1.58058e-29
5.43029e-28
4.10352e-28
1.88134e-28
5.13466e-29
-2.08551e-30
-1.22356e-29
-8.39637e-30
-3.51101e-30
-7.9714e-31
1.40055e-31
2.55601e-31
1.49987e-31
5.38237e-32
8.07153e-33
-4.71374e-33
-4.67937e-33
-2.24878e-33
-6.31746e-34
-7.84211e-36
1.07863e-34
7.10241e-35
2.66285e-35
4.64157e-36
-1.62326e-36
-1.797e-36
-8.4216e-37
-2.21006e-37
2.57511e-39
3.7114e-38
2.18038e-38
7.10884e-39
7.99008e-40
-6.23446e-40
-4.81277e-40
-1.82534e-40
-3.26056e-41
8.25675e-42
9.29783e-42
3.96594e-42
8.67992e-43
-7.80729e-44
-1.60626e-43
-7.50584e-44
-1.82413e-44
3.20255e-46
2.53068e-45
1.25803e-45
3.20307e-46
4.71293e-48
-3.698e-47
-1.88405e-47
-4.80111e-48
-1.07031e-49
5.06285e-49
2.52775e-49
6.17348e-50
6.14605e-52
-6.48928e-51
-3.02752e-51
-6.7583e-52
1.58337e-53
7.6924e-53
3.20467e-53
6.14839e-54
-5.36831e-55
-8.2593e-55
-2.94108e-55
-4.36635e-56
9.47239e-57
7.8032e-57
2.2521e-57
1.94674e-58
-1.19678e-58
-6.18767e-59
-1.30845e-59
2.55529e-61
1.12542e-60
3.67871e-61
3.81862e-62
-1.43257e-62
-6.83997e-63
-8.8071e-64
2.36144e-64
1.0214e-64
-4.48733e-66
-1.21611e-65
-2.31871e-66
1.02083e-66
6.70854e-67
1.02732e-67
-4.79168e-68
-2.91509e-68
-4.47059e-69
1.75768e-69
1.0604e-69
1.53772e-70
-6.07516e-71
-3.37696e-71
-4.05383e-72
2.04758e-72
9.51141e-73
7.34315e-74
-6.52095e-74
-2.33254e-74
-3.15426e-76
1.87957e-75
4.75955e-76
-4.11634e-77
-4.70487e-77
-7.06997e-78
2.10598e-78
9.57204e-79
3.13326e-80
-6.30199e-80
-1.33093e-80
2.10282e-81
1.21785e-81
4.20085e-83
-7.08673e-83
-1.14583e-83
2.84271e-84
9.44799e-85
-6.5661e-86
-5.46043e-86
-7.10398e-88
2.53618e-87
1.62624e-88
-1.00451e-88
-9.45863e-90
3.51336e-90
3.44716e-91
-1.0886e-91
-6.94714e-93
2.71646e-93
-8.3488e-95
-2.66645e-95
1.33298e-95
-2.5198e-96
-4.76857e-97
2.05044e-97
-1.84723e-99
-8.13753e-99
1.02921e-99
1.39222e-100
-4.88923e-101
2.96399e-102
7.90557e-103
-1.90978e-103
1.46058e-104
1.18457e-105
-4.76671e-106
7.20455e-107
-7.38057e-108
5.75902e-109
-3.58275e-110
1.81704e-111
-7.60044e-113
2.63695e-114
-7.60222e-116
1.81933e-117
-3.60204e-119
5.86769e-121
-7.8048e-123
8.39385e-125
-7.20948e-127
4.8703e-129
-2.53936e-131
9.98277e-134
-2.8736e-136
5.83584e-139
-7.96532e-142
6.83306e-145
-3.32334e-148
7.78053e-152
-7.99289e-156
2.88777e-160
0
0
0
0
0
0
0
0
0
0
0
0
0
0
0
0
0
0
0
0
0
0
0
0
0
0
0
0
0
0
0
0
0
0
0
0
0
0
0
0
0
0
