1.16201e-08
1.16201e-08
8.77088e-09
6.22889e-09
3.43098e-09
1.52609e-10
-3.33738e-09
-6.37234e-09
-8.19253e-09
-8.3273e-09
-6.88912e-09
-4.6491e-09
-2.85105e-09
-2.82232e-09
-5.51359e-09
-1.11215e-08
-1.89144e-08
-2.73138e-08
-3.4207e-08
-3.74118e-08
-3.5181e-08
-2.66385e-08
-1.20535e-08
7.10746e-09
2.83745e-08
4.86911e-08
6.49812e-08
7.47504e-08
7.65843e-08
7.04152e-08
5.74893e-08
4.00404e-08
2.07655e-08
2.2532e-09
-1.34795e-08
-2.52323e-08
-3.26228e-08
-3.59009e-08
-3.56867e-08
-3.27422e-08
-2.78444e-08
-2.17596e-08
-1.52645e-08
-9.14259e-09
-4.11003e-09
-6.76899e-10
9.96068e-10
1.16568e-09
4.40621e-10
-4.19897e-10
-7.79301e-10
-3.62363e-10
6.43729e-10
1.67824e-09
2.05941e-09
1.3015e-09
-6.37584e-10
-3.29099e-09
-5.84298e-09
-7.4648e-09
-7.69913e-09
-6.73573e-09
-5.45131e-09
-5.16911e-09
-7.19722e-09
-1.22924e-08
-2.02341e-08
-2.96683e-08
-3.82994e-08
-4.34005e-08
-4.25085e-08
-3.41136e-08
-1.81477e-08
3.86655e-09
2.90483e-08
5.37144e-08
7.41166e-08
8.71796e-08
9.10704e-08
8.54824e-08
7.15953e-08
5.17503e-08
2.89387e-08
6.23123e-09
-1.37294e-08
-2.90837e-08
-3.89144e-08
-4.32146e-08
-4.2708e-08
-3.85838e-08
-3.22135e-08
-2.49057e-08
-1.77313e-08
-1.14341e-08
-6.41826e-09
-2.7933e-09
-4.52604e-10
8.38989e-10
1.36618e-09
1.4036e-09
1.17915e-09
8.58524e-10
5.4576e-10
2.93636e-10
1.18246e-10
1.34758e-11
-3.71373e-11
-5.21927e-11
-4.77325e-11
-3.5339e-11
-2.20689e-11
-1.13469e-11
-4.16198e-12
-1.6157e-13
1.53906e-12
1.86178e-12
1.53051e-12
1.01101e-12
5.45133e-13
2.19823e-13
3.49958e-14
-4.56686e-14
-6.4056e-14
-5.33595e-14
-3.44593e-14
-1.77092e-14
-6.48996e-15
-5.30936e-16
1.76914e-15
2.06295e-15
1.54621e-15
8.95114e-16
3.94196e-16
9.97032e-17
-3.17339e-17
-6.58858e-17
-5.60975e-17
-3.46432e-17
-1.6252e-17
-4.89966e-18
3.89635e-19
1.94288e-18
1.7703e-18
1.10686e-18
5.17114e-19
1.55431e-19
-8.47033e-21
-5.37866e-20
-4.70103e-20
-2.66815e-20
-9.74088e-21
0
4.23516e-21
5.0822e-21
5.0822e-21
5.0822e-21
5.0822e-21
5.0822e-21
5.0822e-21
5.50571e-21
5.0822e-21
4.23516e-21
3.38813e-21
2.5411e-21
2.5411e-21
3.38813e-21
3.38813e-21
3.38813e-21
3.38813e-21
1.69407e-21
8.47033e-22
8.47033e-22
8.47033e-22
8.47033e-22
4.23516e-22
0
-4.23516e-22
-4.23516e-22
-4.23516e-22
0
0
0
0
0
0
0
0
0
2.11758e-22
0
0
0
0
0
0
0
0
0
0
0
0
0
0
0
0
0
0
0
0
0
0
0
0
0
0
0
0
0
0
0
0
0
0
0
0
0
0
0
0
0
0
0
0
0
0
0
0
0
0
0
0
0
0
0
0
0
0
0
0
0
0
0
0
0
0
0
0
0
0
0
0
0
0
0
0
0
0
0
0
0
0
0
0
0
0
0
0
0
0
0
0
0
0
0
0
0
0
0
0
0
0
0
0
0
0
0
0
0
0
0
0
0
0
0
0
0
0
0
0
0
0
0
0
0
0
0
0
0
0
0
0
0
0
0
0
0
0
0
0
0
0
0
0
0
0
0
0
0
0
0
0
0
0
0
0
0
0
0
0
0
0
0
0
0
0
0
0
0
0
0
0
0
0
0
0
0
0
0
0
0
0
0
0
0
0
0
0
0
0
0
0
0
0
0
0
0
0
0
0
0
0
0
0
0
0
0
0
0
0
0
