-3.27341e-10
-3.27341e-10
2.23287e-10
7.29676e-10
9.33765e-10
6.93739e-10
6.89557e-11
-6.82111e-10
-1.20232e-09
-1.19934e-09
-6.00085e-10
3.81816e-10
1.31165e-09
1.71793e-09
1.31977e-09
1.90373e-10
-1.23225e-09
-2.3112e-09
-2.49319e-09
-1.58452e-09
1.11848e-10
1.87662e-09
2.85447e-09
2.42279e-09
4.88514e-10
-2.42463e-09
-5.35124e-09
-7.26288e-09
-7.50291e-09
-6.10271e-09
-3.84865e-09
-2.06459e-09
-2.18005e-09
-5.22877e-09
-1.14402e-08
-2.00494e-08
-2.93779e-08
-3.71614e-08
-4.10401e-08
-3.90991e-08
-3.0341e-08
-1.4992e-08
5.42779e-09
2.8302e-08
5.03591e-08
6.82824e-08
7.936e-08
8.20236e-08
7.61393e-08
6.29735e-08
4.48474e-08
2.45824e-08
4.89975e-09
-1.20614e-08
-2.49967e-08
-3.34362e-08
-3.75565e-08
-3.79212e-08
-3.52613e-08
-3.03592e-08
-2.40286e-08
-1.71309e-08
-1.05531e-08
-5.10705e-09
-1.36518e-09
4.97683e-10
7.69915e-10
1.17881e-10
-6.44134e-10
-8.53386e-10
-2.50213e-10
9.27101e-10
2.05415e-09
2.40325e-09
1.48537e-09
-6.93641e-10
-3.58039e-09
-6.26427e-09
-7.85071e-09
-7.87643e-09
-6.59737e-09
-5.01641e-09
-4.60887e-09
-6.81458e-09
-1.24572e-08
-2.12889e-08
-3.18296e-08
-4.15803e-08
-4.75753e-08
-4.71306e-08
-3.85819e-08
-2.18076e-08
1.60865e-09
2.86223e-08
5.53144e-08
7.7672e-08
9.23714e-08
9.73865e-08
9.22994e-08
7.82697e-08
5.77036e-08
3.37239e-08
9.57285e-09
-1.19244e-08
-2.87405e-08
-3.98255e-08
-4.50857e-08
-4.52069e-08
-4.1385e-08
-3.50333e-08
-2.75237e-08
-2.00005e-08
-1.32787e-08
-7.8234e-09
-3.79031e-09
-1.10212e-09
4.6255e-10
1.18731e-09
1.35455e-09
1.20501e-09
9.1888e-10
6.13962e-10
3.54498e-10
1.6511e-10
4.52908e-11
-1.83063e-11
-4.30186e-11
-4.48285e-11
-3.58991e-11
-2.40946e-11
-1.36141e-11
-6.05762e-12
-1.4844e-12
7.57031e-13
1.48825e-12
1.41637e-12
1.03263e-12
6.18064e-13
2.96188e-13
9.39285e-14
-8.53165e-15
-4.50672e-14
-4.64426e-14
-3.40719e-14
-1.99473e-14
-9.1262e-15
-2.59406e-15
4.95102e-16
1.44112e-15
1.34171e-15
9.01613e-16
4.74759e-16
1.82744e-16
2.72143e-17
-3.32982e-17
-4.26703e-17
-3.19683e-17
-1.80718e-17
-7.65263e-18
-1.78913e-18
6.6148e-19
1.20281e-18
9.58377e-19
5.52012e-19
2.35878e-19
5.76316e-20
-1.60072e-20
-3.20193e-20
-2.51176e-20
-1.39463e-20
-5.60152e-21
-1.14637e-21
5.3888e-22
8.05859e-22
5.72701e-22
2.88828e-22
9.99248e-23
1.01257e-23
-1.77725e-23
-1.80803e-23
-1.09312e-23
-4.67614e-24
-1.17409e-24
1.95207e-25
4.58853e-25
3.338e-25
1.63225e-25
5.27459e-26
3.63429e-27
-9.67216e-27
-8.65351e-27
-4.65589e-27
-1.69079e-27
-2.6426e-28
1.77568e-28
1.97705e-28
1.1321e-28
4.32592e-29
8.2447e-30
-3.10882e-30
-4.09746e-30
-2.39762e-30
-9.17245e-31
-1.77573e-31
5.83539e-32
7.82273e-32
4.45204e-32
1.62471e-32
2.77301e-33
-1.2016e-33
-1.36912e-33
-7.19278e-34
-2.37116e-34
-2.8231e-35
2.43426e-35
2.14235e-35
9.88947e-36
2.73538e-36
6.21024e-38
-4.31722e-37
-2.88363e-37
-1.11292e-37
-2.24503e-38
4.1986e-39
6.25398e-39
3.18423e-39
9.57548e-40
8.30934e-41
-9.76821e-41
-7.08026e-41
-2.71134e-41
-5.36503e-42
8.54895e-43
1.26472e-42
5.97898e-43
1.59511e-43
6.31136e-45
-1.8282e-44
-1.08662e-44
-3.47088e-45
-4.43994e-46
2.11229e-46
1.67755e-46
6.10945e-47
1.08667e-47
-1.86903e-48
-2.24807e-48
-9.06429e-49
-1.88533e-49
1.11345e-50
2.66521e-50
1.15816e-50
2.60063e-51
-2.03738e-53
-2.84506e-52
-1.28924e-52
-2.96069e-53
-3.56898e-55
2.77208e-54
1.25505e-54
2.80859e-55
2.78007e-57
-2.47388e-56
-1.06212e-56
-2.19551e-57
2.90647e-59
1.98873e-58
7.63637e-59
1.35855e-59
-8.4779e-61
-1.36448e-60
-4.39212e-61
-6.0275e-62
8.81951e-63
6.80989e-63
1.68276e-63
1.69684e-64
-1.60772e-65
-6.30884e-66
-1.78037e-66
-1.82405e-66
-1.06173e-66
-2.58673e-67
3.94598e-68
5.25099e-68
1.64033e-68
1.19733e-70
-1.79604e-69
-6.43488e-70
-3.03222e-71
5.5127e-71
2.03517e-71
9.34706e-73
-1.6233e-72
-5.51439e-73
-9.31143e-75
4.54814e-74
1.27829e-74
-5.16384e-76
-1.17228e-75
-2.41666e-76
3.54672e-77
2.65803e-77
3.09735e-78
-1.31596e-78
-4.83936e-79
1.70712e-81
3.34326e-80
5.41338e-81
-1.32074e-81
-5.23059e-82
1.14015e-83
3.13197e-83
2.64586e-84
-1.39064e-84
-2.41895e-85
4.86188e-86
1.32951e-86
-1.41397e-87
-5.44809e-88
3.88363e-89
1.68669e-89
-1.21272e-90
-3.23205e-91
3.87448e-92
-2.80343e-93
-4.89061e-94
5.6098e-94
-6.05616e-95
-2.35165e-95
5.47184e-96
2.7189e-97
-2.2074e-97
2.05324e-98
3.21461e-99
-9.89564e-100
8.43785e-101
6.01884e-102
-2.6415e-102
3.99383e-103
-3.99177e-104
2.97961e-105
-1.74033e-106
8.13075e-108
-3.07097e-109
9.41628e-111
-2.34345e-112
4.71678e-114
-7.62758e-116
9.81608e-118
-9.92634e-120
7.7598e-122
-4.59308e-124
2.0049e-126
-6.24108e-129
1.32797e-131
-1.83132e-134
1.52914e-137
-6.94908e-141
1.40564e-144
-9.21986e-149
0
0
0
0
0
0
0
0
0
0
0
0
0
0
0
0
0
0
0
0
0
0
0
0
0
0
0
0
0
0
0
0
0
0
0
0
0
0
0
