2.26817e-08
2.26817e-08
1.75227e-08
1.3296e-08
1.00709e-08
7.4115e-09
4.71488e-09
1.58603e-09
-1.91429e-09
-5.25713e-09
-7.67466e-09
-8.53259e-09
-7.68394e-09
-5.64799e-09
-3.5286e-09
-2.68891e-09
-4.29217e-09
-8.86525e-09
-1.60293e-08
-2.44821e-08
-3.22371e-08
-3.70536e-08
-3.69499e-08
-3.06824e-08
-1.80884e-08
-2.19831e-10
2.07661e-08
4.1951e-08
6.01792e-08
7.26607e-08
7.75231e-08
7.41781e-08
6.34083e-08
4.7147e-08
2.80139e-08
8.73756e-09
-8.374e-09
-2.17783e-08
-3.07962e-08
-3.54867e-08
-3.63926e-08
-3.42779e-08
-2.99467e-08
-2.41764e-08
-1.773e-08
-1.13758e-08
-5.85198e-09
-1.7565e-09
6.00712e-10
1.30625e-09
8.3931e-10
-7.47618e-11
-7.17074e-10
-6.41311e-10
1.57579e-10
1.25129e-09
1.97095e-09
1.71306e-09
2.32371e-10
-2.20756e-09
-4.90296e-09
-6.98652e-09
-7.81172e-09
-7.29164e-09
-6.04435e-09
-5.26198e-09
-6.32105e-09
-1.02512e-08
-1.72413e-08
-2.63614e-08
-3.56181e-08
-4.23562e-08
-4.39094e-08
-3.83235e-08
-2.49475e-08
-4.72543e-09
1.98947e-08
4.54136e-08
6.79785e-08
8.41517e-08
9.15683e-08
8.93399e-08
7.8135e-08
5.99461e-08
3.76267e-08
1.43193e-08
-7.09526e-09
-2.44215e-08
-3.63842e-08
-4.26623e-08
-4.37533e-08
-4.07267e-08
-3.4937e-08
-2.77548e-08
-2.0363e-08
-1.36346e-08
-8.0955e-09
-3.95193e-09
-1.16169e-09
4.77987e-10
1.24561e-09
1.42754e-09
1.2729e-09
9.71056e-10
6.47397e-10
3.71202e-10
1.69548e-10
4.23817e-11
-2.44229e-11
-4.94988e-11
-5.01251e-11
-3.94788e-11
-2.60638e-11
-1.43805e-11
-6.08807e-12
-1.16896e-12
1.15539e-12
1.8286e-12
1.64848e-12
1.16033e-12
6.68881e-13
3.01435e-13
7.87186e-14
-2.82255e-14
-6.13593e-14
-5.69668e-14
-3.9415e-14
-2.1764e-14
-9.05588e-15
-1.81509e-15
1.32046e-15
2.04346e-15
1.68306e-15
1.0446e-15
5.02023e-16
1.59803e-16
-6.61766e-18
-6.04233e-17
-5.88794e-17
-3.92155e-17
-1.99019e-17
-7.04287e-18
-5.57983e-19
1.69004e-18
1.81858e-18
1.23053e-18
6.20452e-19
2.15993e-19
1.69407e-20
-4.91279e-20
-5.12455e-20
-3.34578e-20
-1.65171e-20
-5.92923e-21
-8.47033e-22
8.47033e-22
8.47033e-22
0
0
8.47033e-22
1.27055e-21
0
-1.27055e-21
-1.69407e-21
-1.69407e-21
-8.47033e-22
0
1.69407e-21
1.69407e-21
1.69407e-21
1.69407e-21
1.69407e-21
2.5411e-21
2.5411e-21
2.11758e-21
1.69407e-21
1.27055e-21
1.27055e-21
1.27055e-21
1.27055e-21
1.27055e-21
1.27055e-21
1.69407e-21
1.69407e-21
8.47033e-22
0
0
0
0
0
0
0
0
0
0
0
0
0
0
0
0
0
0
0
0
0
0
0
0
0
0
0
0
0
0
0
0
0
0
0
0
0
0
0
0
0
0
0
0
0
0
0
0
0
0
0
0
0
0
0
0
0
0
0
0
0
0
0
0
0
0
0
0
0
0
0
0
0
0
0
0
0
0
0
0
0
0
0
0
0
0
0
0
0
0
0
0
0
0
0
0
0
0
0
0
0
0
0
0
0
0
0
0
0
0
0
0
0
0
0
0
0
0
0
0
0
0
0
0
0
0
0
0
0
0
0
0
0
0
0
0
0
0
0
0
0
0
0
0
0
0
0
0
0
0
0
0
0
0
0
0
0
0
0
0
0
0
0
0
0
0
0
0
0
0
0
0
0
0
0
0
0
0
0
0
0
0
0
0
0
0
0
0
0
0
0
0
0
0
0
0
0
0
0
0
0
0
0
0
0
0
0
0
0
0
0
0
0
0
0
