-4.55649e-09
-4.55649e-09
-7.56858e-09
-8.68398e-09
-8.12236e-09
-6.73084e-09
-5.78586e-09
-6.57858e-09
-9.92274e-09
-1.5766e-08
-2.30556e-08
-2.99197e-08
-3.41189e-08
-3.36311e-08
-2.72012e-08
-1.4708e-08
2.73389e-09
2.29479e-08
4.30874e-08
6.01569e-08
7.15572e-08
7.55563e-08
7.16005e-08
6.04044e-08
4.37955e-08
2.43385e-08
4.81769e-09
-1.22999e-08
-2.52895e-08
-3.33785e-08
-3.67064e-08
-3.6079e-08
-3.26226e-08
-2.74637e-08
-2.1529e-08
-1.54956e-08
-9.85156e-09
-4.98647e-09
-1.23503e-09
1.16063e-09
2.1435e-09
1.92152e-09
9.63665e-10
-1.19403e-10
-7.80291e-10
-7.42912e-10
-1.16329e-10
6.49709e-10
9.63005e-10
3.63354e-10
-1.24715e-09
-3.52848e-09
-5.83078e-09
-7.48684e-09
-8.1514e-09
-8.03745e-09
-7.92887e-09
-8.93129e-09
-1.20272e-08
-1.75874e-08
-2.50216e-08
-3.27193e-08
-3.83357e-08
-3.93674e-08
-3.38581e-08
-2.10282e-08
-1.63756e-09
2.20343e-08
4.6593e-08
6.82169e-08
8.34505e-08
8.99037e-08
8.66963e-08
7.45589e-08
5.55957e-08
3.2792e-08
9.40257e-09
-1.16366e-08
-2.81531e-08
-3.89733e-08
-4.39349e-08
-4.37172e-08
-3.95574e-08
-3.29321e-08
-2.5272e-08
-1.77552e-08
-1.11978e-08
-6.03578e-09
-2.37542e-09
-8.37419e-11
1.11052e-09
1.52662e-09
1.465e-09
1.16799e-09
8.05191e-10
4.76941e-10
2.28353e-10
6.70213e-11
-2.03527e-11
-5.51024e-11
-5.82939e-11
-4.65216e-11
-3.07169e-11
-1.67594e-11
-6.86889e-12
-1.08155e-12
1.56183e-12
2.23666e-12
1.92913e-12
1.30045e-12
7.06951e-13
2.85297e-13
4.51898e-14
-5.8418e-14
-8.06741e-14
-6.5709e-14
-4.10441e-14
-1.995e-14
-6.39267e-15
3.68237e-16
2.63395e-15
2.60301e-15
1.77202e-15
9.23302e-16
3.38656e-16
3.25826e-17
-7.95211e-17
-8.97313e-17
-6.27679e-17
-3.2694e-17
-1.18542e-17
-1.15832e-18
2.58706e-18
2.82508e-18
1.88392e-18
9.15861e-19
2.90154e-19
-3.02097e-21
-8.81934e-20
-7.98281e-20
-4.70912e-20
-1.96817e-20
-4.30885e-21
1.68354e-21
2.68549e-21
1.89522e-21
9.21272e-22
2.86599e-22
3.46543e-25
-7.55516e-23
-6.41865e-23
-3.44668e-23
-1.23376e-23
-1.47663e-24
1.89202e-24
1.91884e-24
1.09341e-24
4.1359e-25
6.67108e-26
-4.61492e-26
-5.23608e-26
-3.02595e-26
-1.13922e-26
-1.83713e-27
1.19085e-27
1.32447e-27
7.36845e-28
2.60585e-28
3.2841e-29
-3.22877e-29
-3.08291e-29
-1.56469e-29
-4.848e-30
-2.24624e-31
8.4095e-31
6.42386e-31
2.82048e-31
6.84119e-32
-8.46563e-33
-1.92457e-32
-1.15017e-32
-4.09918e-33
-5.71079e-34
3.89756e-34
3.64406e-34
1.67727e-34
4.29988e-35
-2.40214e-36
-9.20577e-36
-5.43877e-36
-1.83064e-36
-2.0924e-37
1.82192e-37
1.47652e-37
5.99241e-38
1.20009e-38
-2.55209e-39
-3.45836e-39
-1.64005e-39
-4.17573e-40
1.24572e-41
7.14925e-41
3.90195e-41
1.13877e-41
6.06467e-43
-1.33454e-42
-8.26033e-43
-2.61458e-43
-2.50527e-44
2.31004e-44
1.57992e-44
5.20712e-45
6.00399e-46
-3.81545e-46
-2.75589e-46
-9.11544e-47
-1.0773e-47
6.14335e-48
4.39935e-48
1.40739e-48
1.50368e-49
-9.6615e-50
-6.4102e-50
-1.90791e-50
-1.55084e-51
1.45515e-51
8.45165e-52
2.24108e-52
8.67757e-54
-2.03431e-53
-9.94038e-54
-2.22128e-54
6.66236e-56
2.55945e-55
1.02162e-55
1.75302e-56
-2.72632e-57
-2.81862e-57
-8.87205e-58
-9.18496e-59
4.57004e-59
2.62932e-59
6.05462e-60
-2.13935e-62
-5.35209e-61
-1.9499e-61
-2.51735e-62
7.28763e-63
4.54539e-63
9.22985e-64
-6.475e-65
-9.18446e-65
-2.12619e-65
1.63665e-66
2.2144e-66
3.96983e-67
-1.26524e-67
-7.93187e-68
-8.4498e-69
6.98561e-69
3.3073e-69
2.62394e-70
-2.99943e-70
-1.29103e-70
-8.66049e-72
1.12757e-71
4.47008e-72
2.07613e-73
-3.91037e-73
-1.35943e-73
-1.19395e-75
1.25942e-74
3.5747e-75
-1.90114e-76
-3.69919e-76
-7.79764e-77
1.24126e-77
9.6219e-78
1.25192e-78
-4.96437e-79
-2.1197e-79
-7.06451e-81
1.49319e-80
3.58347e-81
-4.11344e-82
-3.40207e-82
-3.18842e-83
1.84181e-83
5.19849e-84
-4.31647e-85
-4.02094e-85
-2.72439e-86
2.13429e-86
4.12549e-87
-7.90126e-88
-3.07617e-88
1.52796e-89
1.71045e-89
4.29261e-91
-7.8495e-91
-5.88487e-92
3.12715e-92
3.34945e-93
-1.11957e-93
-1.30233e-94
3.65606e-95
3.33924e-96
-1.04265e-96
-1.94745e-98
2.01613e-98
-3.31338e-99
2.37701e-100
1.89306e-100
-4.90026e-101
-3.83118e-102
2.70076e-102
-1.48592e-103
-8.18101e-104
1.47307e-104
6.57653e-106
-5.03283e-106
5.3099e-107
4.36644e-108
-1.8713e-108
2.15164e-109
-8.85075e-112
-3.6819e-111
7.10352e-112
-8.43977e-113
7.48267e-114
-5.27618e-115
3.04747e-116
-1.46456e-117
5.9065e-119
-2.00751e-120
5.75809e-122
-1.39261e-123
2.83239e-125
-4.82346e-127
6.83688e-129
-8.00436e-131
7.66723e-133
-5.93959e-135
3.66915e-137
-1.77682e-139
6.60587e-142
-1.83759e-144
3.70358e-147
-5.18991e-150
4.78801e-153
-2.69529e-156
8.33953e-160
-1.27421e-163
7.85891e-168
-9.28415e-173
0
0
0
0
0
0
0
0
0
0
0
0
0
0
0
0
0
0
0
0
0
0
0
0
0
0
0
0
0
0
0
0
0
0
0
0
0
0
0
0
0
0
0
0
0
