4.86246e-10
4.86246e-10
9.04246e-10
4.96349e-10
-8.53805e-10
-2.89078e-09
-5.05693e-09
-6.71486e-09
-7.44646e-09
-7.30368e-09
-6.88617e-09
-7.17763e-09
-9.16794e-09
-1.33858e-08
-1.95215e-08
-2.63056e-08
-3.17226e-08
-3.35204e-08
-2.98611e-08
-1.99068e-08
-4.15482e-09
1.55767e-08
3.64992e-08
5.54286e-08
6.94253e-08
7.63474e-08
7.52107e-08
6.63088e-08
5.11014e-08
3.19103e-08
1.14851e-08
-7.48326e-09
-2.2816e-08
-3.31765e-08
-3.82082e-08
-3.84516e-08
-3.50729e-08
-2.94928e-08
-2.30306e-08
-1.66689e-08
-1.09857e-08
-6.23486e-09
-2.49684e-09
1.92759e-10
1.80046e-09
2.34214e-09
1.96787e-09
1.00807e-09
-7.47164e-11
-8.28727e-10
-9.91568e-10
-6.13923e-10
-5.41994e-11
1.71783e-10
-3.71223e-10
-1.82071e-09
-3.92982e-09
-6.16809e-09
-7.97999e-09
-9.09177e-09
-9.72049e-09
-1.05671e-08
-1.25591e-08
-1.64153e-08
-2.21924e-08
-2.8998e-08
-3.50152e-08
-3.78736e-08
-3.5286e-08
-2.57636e-08
-9.18782e-09
1.29476e-08
3.7716e-08
6.13216e-08
7.99013e-08
9.03521e-08
9.09751e-08
8.17828e-08
6.44186e-08
4.17379e-08
1.7177e-08
-5.92392e-09
-2.48916e-08
-3.80778e-08
-4.49642e-08
-4.60374e-08
-4.25037e-08
-3.59348e-08
-2.79284e-08
-1.98486e-08
-1.2674e-08
-6.95618e-09
-2.86399e-09
-2.8076e-10
1.08031e-09
1.57016e-09
1.52412e-09
1.21408e-09
8.30132e-10
4.83902e-10
2.24605e-10
5.94826e-11
-2.70895e-11
-5.90124e-11
-5.92575e-11
-4.54169e-11
-2.86618e-11
-1.46555e-11
-5.23408e-12
-7.87776e-14
2.00479e-12
2.29688e-12
1.79128e-12
1.1047e-12
5.34777e-13
1.68442e-13
-1.65039e-14
-7.97901e-14
-7.91736e-14
-5.51369e-14
-2.97611e-14
-1.16234e-14
-1.6641e-15
2.29544e-15
2.90704e-15
2.16701e-15
1.20611e-15
4.86743e-16
8.75587e-17
-7.13496e-17
-9.75553e-17
-7.1808e-17
-3.84093e-17
-1.43575e-17
-1.80221e-18
2.66818e-18
3.03123e-18
2.01332e-18
9.5813e-19
2.87416e-19
-1.61727e-20
-9.67154e-20
-8.18273e-20
-4.54821e-20
-1.73557e-20
-2.68451e-21
2.38824e-21
2.78082e-21
1.74298e-21
7.4701e-22
1.74761e-22
-4.68473e-23
-8.36928e-23
-5.72026e-23
-2.58693e-23
-6.83213e-24
8.45777e-25
2.34212e-24
1.66046e-24
7.53102e-25
1.98421e-25
-2.16606e-26
-6.2703e-26
-4.31576e-26
-1.86484e-26
-4.40632e-27
8.39904e-28
1.59604e-27
9.97513e-28
3.88066e-28
6.98027e-29
-3.15282e-29
-3.72361e-29
-2.00041e-29
-6.51629e-30
-5.16676e-31
9.47891e-31
7.57824e-31
3.3354e-31
7.96624e-32
-1.03759e-32
-2.21235e-32
-1.27594e-32
-4.29644e-33
-4.60213e-34
4.84869e-34
3.95581e-34
1.66391e-34
3.56972e-35
-6.59922e-36
-1.02872e-35
-5.24305e-36
-1.48238e-36
-2.70743e-38
2.28589e-37
1.41437e-37
4.71505e-38
5.20741e-39
-4.40043e-39
-3.36407e-39
-1.2551e-39
-2.02457e-40
7.47419e-41
7.20475e-41
2.90308e-41
5.51215e-42
-1.16237e-42
-1.41213e-42
-5.94807e-43
-1.20712e-43
1.77855e-44
2.56222e-44
1.08981e-44
2.21531e-45
-2.92634e-46
-4.32602e-46
-1.79012e-46
-3.43824e-47
5.29916e-48
6.78039e-48
2.62669e-48
4.45795e-49
-9.81163e-50
-9.77008e-50
-3.40932e-50
-4.62468e-51
1.69791e-51
1.27454e-51
3.84666e-52
3.35004e-53
-2.60004e-53
-1.47635e-53
-3.65935e-54
-5.56083e-56
3.43001e-55
1.48111e-55
2.75046e-56
-3.04211e-57
-3.82773e-57
-1.23556e-57
-1.31897e-58
6.11093e-59
3.50787e-59
7.77388e-60
-1.78785e-61
-7.29418e-61
-2.43021e-61
-2.32511e-62
1.21417e-62
5.8157e-63
8.24956e-64
-2.27742e-64
-1.32568e-64
-1.59833e-65
8.10699e-66
3.77301e-66
1.66535e-67
-3.85651e-67
-1.39432e-67
1.22219e-69
1.69001e-68
5.40857e-69
-1.60844e-70
-6.56438e-70
-1.91881e-70
9.94525e-72
2.30969e-71
5.94061e-72
-5.57859e-73
-7.42099e-73
-1.55617e-73
2.6837e-74
2.15422e-74
3.23799e-75
-1.07667e-75
-5.51087e-76
-4.28125e-77
3.59885e-77
1.18805e-77
-2.29579e-79
-9.95581e-79
-1.93838e-79
3.66082e-80
2.18945e-80
1.46899e-81
-1.32109e-81
-3.35383e-82
3.61453e-83
2.84834e-83
1.83524e-84
-1.58214e-84
-3.21012e-85
5.75193e-86
2.53339e-86
-6.94781e-88
-1.45779e-87
-8.44093e-89
6.79614e-89
8.48668e-90
-2.70153e-90
-4.99183e-91
9.58416e-92
2.23103e-92
-3.21079e-93
-7.87261e-94
1.06621e-94
2.02487e-95
-3.39926e-96
-2.03409e-97
8.26669e-98
-1.43596e-98
1.17857e-100
1.02508e-99
-1.67756e-100
-3.1152e-101
1.09884e-101
-2.50468e-104
-3.88615e-103
4.80891e-104
5.51718e-105
-2.07718e-105
1.53297e-106
2.65671e-107
-7.58308e-108
7.12628e-109
2.01661e-110
-1.62376e-110
2.77553e-111
-3.10639e-112
2.64148e-113
-1.80138e-114
1.01115e-115
-4.73752e-117
1.86688e-118
-6.21042e-120
1.74581e-121
-4.14253e-123
8.27345e-125
-1.38456e-126
1.92976e-128
-2.22277e-130
2.09571e-132
-1.59863e-134
9.72768e-137
-4.64163e-139
1.7008e-141
-4.6641e-144
9.26844e-147
-1.28075e-149
1.16574e-152
-6.4925e-156
1.99412e-159
-2.94522e-163
1.57842e-167
0
0
0
0
0
0
0
0
0
0
0
0
0
0
0
0
0
0
0
0
0
0
0
0
0
0
0
0
0
0
0
0
0
0
0
0
0
0
0
0
0
0
0
0
0
0
