6.56096e-09
6.56096e-09
2.596e-08
4.4845e-08
6.02866e-08
6.98737e-08
7.21505e-08
6.68402e-08
5.48421e-08
3.80238e-08
1.88603e-08
-1.43298e-11
-1.62629e-08
-2.82237e-08
-3.51338e-08
-3.71476e-08
-3.51552e-08
-3.04592e-08
-2.44132e-08
-1.81315e-08
-1.23452e-08
-7.41814e-09
-3.47066e-09
-5.26143e-10
1.40056e-09
2.30607e-09
2.26823e-09
1.51691e-09
4.38149e-10
-5.17914e-10
-9.96728e-10
-8.91846e-10
-4.07039e-10
1.85e-11
-9.73684e-11
-1.05137e-09
-2.79955e-09
-4.95918e-09
-6.98334e-09
-8.44069e-09
-9.27452e-09
-9.90975e-09
-1.11307e-08
-1.37467e-08
-1.81578e-08
-2.39899e-08
-2.99613e-08
-3.40704e-08
-3.40828e-08
-2.81869e-08
-1.56191e-08
2.94179e-09
2.53476e-08
4.8345e-08
6.82427e-08
8.17038e-08
8.64582e-08
8.17566e-08
6.8471e-08
4.88394e-08
2.59454e-08
3.07714e-09
-1.68798e-08
-3.18873e-08
-4.09692e-08
-4.41883e-08
-4.24351e-08
-3.71072e-08
-2.97679e-08
-2.18547e-08
-1.44838e-08
-8.3637e-09
-3.80364e-09
-7.90101e-10
9.0472e-10
1.61255e-09
1.67828e-09
1.39935e-09
9.96028e-10
6.06905e-10
3.00826e-10
9.64954e-11
-1.71847e-11
-6.43233e-11
-7.0582e-11
-5.6949e-11
-3.75897e-11
-2.02727e-11
-8.00695e-12
-9.1328e-13
2.22123e-12
2.90667e-12
2.40704e-12
1.55874e-12
7.99298e-13
2.83229e-13
6.19415e-15
-9.99704e-14
-1.10292e-13
-8.13767e-14
-4.63547e-14
-1.95882e-14
-3.98428e-15
2.77204e-15
4.25348e-15
3.40017e-15
2.00331e-15
8.71468e-16
2.02122e-16
-8.80016e-17
-1.53354e-16
-1.21838e-16
-6.93124e-17
-2.82026e-17
-5.20894e-18
3.84648e-18
5.25429e-18
3.76184e-18
1.91801e-18
6.47869e-19
2.56888e-20
-1.67471e-19
-1.59562e-19
-9.54584e-20
-3.97883e-20
-8.30877e-21
3.83933e-21
5.67891e-21
3.88796e-21
1.81266e-21
5.05773e-22
-5.40218e-23
-1.79936e-22
-1.37182e-22
-6.77782e-23
-2.0867e-23
1.1571e-25
5.37328e-24
4.3372e-24
2.16621e-24
6.69561e-25
5.29641e-27
-1.57319e-25
-1.24714e-25
-5.99496e-26
-1.71538e-26
7.38502e-28
4.50808e-27
3.24699e-27
1.42553e-27
3.39284e-28
-6.38243e-29
-1.21354e-28
-7.48703e-29
-2.82627e-29
-4.43096e-30
2.78764e-30
2.90532e-30
1.47271e-30
4.36358e-31
4.76625e-33
-8.42979e-32
-5.86888e-32
-2.3317e-32
-4.3031e-33
1.6149e-33
1.89572e-33
9.45972e-34
2.64922e-34
-3.01276e-36
-5.05342e-35
-3.1819e-35
-1.11439e-35
-1.37e-36
1.10414e-36
9.24536e-37
3.79495e-37
7.43584e-38
-1.89476e-38
-2.38311e-38
-1.11046e-38
-2.6841e-39
2.18508e-40
5.57106e-40
2.8778e-40
7.79319e-41
-2.11333e-43
-1.20614e-41
-6.72479e-42
-1.92872e-42
-6.61419e-44
2.46528e-43
1.43205e-43
4.16497e-44
1.91367e-45
-4.82139e-45
-2.79182e-45
-7.9102e-46
-2.99355e-47
9.04631e-47
4.97743e-47
1.31803e-47
1.37957e-49
-1.61265e-48
-8.06258e-49
-1.90187e-49
7.75966e-51
2.68075e-50
1.17259e-50
2.30813e-51
-3.03133e-52
-4.06364e-52
-1.50422e-52
-2.20154e-53
6.92384e-54
5.49107e-54
1.65735e-54
1.31072e-55
-1.19285e-55
-6.462e-56
-1.49691e-56
3.36661e-58
1.64968e-57
6.43116e-58
9.87045e-59
-2.28841e-59
-1.85737e-59
-5.12461e-60
-2.47538e-61
3.80118e-61
1.66539e-61
2.76941e-62
-4.76023e-63
-4.18302e-63
-1.06653e-63
-5.11218e-66
9.1327e-65
3.0834e-65
1.98862e-66
-2.10869e-66
-8.29165e-67
-5.30946e-68
6.46333e-68
2.46125e-68
5.76742e-70
-2.51223e-69
-8.46803e-70
1.69711e-71
1.01687e-70
3.06513e-71
-1.60441e-72
-3.90119e-72
-1.05075e-72
9.21582e-74
1.38668e-73
3.20753e-74
-4.61215e-75
-4.52308e-75
-8.29913e-76
2.03393e-76
1.33304e-76
1.66299e-77
-7.77266e-78
-3.45923e-78
-1.79178e-79
2.54368e-79
7.55416e-80
-3.68777e-81
-7.02152e-81
-1.24682e-81
2.90164e-82
1.57483e-82
9.40715e-84
-1.00476e-83
-2.57951e-84
2.66145e-85
2.29973e-85
1.93281e-86
-1.26995e-86
-3.18462e-87
3.81112e-88
2.53266e-88
7.78108e-90
-1.43719e-89
-1.9946e-90
6.19213e-91
1.65374e-91
-1.93985e-92
-9.88866e-93
3.18924e-94
4.86329e-94
8.56246e-96
-2.07511e-95
-9.74232e-97
7.90154e-97
4.49801e-98
-2.70381e-98
-1.17495e-99
8.02827e-100
-8.18891e-103
-1.75495e-101
1.88204e-102
2.55899e-104
-1.01636e-103
2.4332e-104
2.15961e-105
-1.54494e-105
7.8445e-107
5.43146e-107
-8.99349e-108
-8.12473e-109
3.81916e-109
-2.44896e-110
-7.19184e-111
1.63133e-111
-6.79178e-113
-2.5953e-113
5.61421e-114
-4.44413e-115
-2.34927e-116
1.18773e-116
-1.91779e-117
2.10728e-118
-1.79286e-119
1.24079e-120
-7.15807e-122
3.48919e-123
-1.44828e-124
5.14049e-126
-1.56296e-127
4.07057e-129
-9.06672e-131
1.72219e-132
-2.77815e-134
3.78565e-136
-4.32845e-138
4.11917e-140
-3.2311e-142
2.06498e-144
-1.06046e-146
4.30414e-149
-1.3533e-151
3.21668e-154
-5.60764e-157
6.90076e-160
-5.70446e-163
2.96366e-166
-8.79131e-170
1.28728e-173
-7.9999e-178
1.33223e-182
0
0
0
0
0
0
0
0
0
0
0
0
0
0
0
0
0
0
0
0
0
0
0
0
0
0
0
0
0
0
0
0
0
0
0
0
0
0
0
0
0
0
0
0
0
0
0
0
0
