-3.68284e-08
-3.68284e-08
-3.59421e-08
-3.17591e-08
-2.56832e-08
-1.90515e-08
-1.28782e-08
-7.7383e-09
-3.80409e-09
-9.89678e-10
8.76932e-10
1.93526e-09
2.26874e-09
1.96178e-09
1.17848e-09
1.94362e-10
-6.57005e-10
-1.10699e-09
-1.08162e-09
-7.61357e-10
-5.2379e-10
-7.81294e-10
-1.78497e-09
-3.49284e-09
-5.57799e-09
-7.58797e-09
-9.18996e-09
-1.03837e-08
-1.15646e-08
-1.33756e-08
-1.63809e-08
-2.06783e-08
-2.56174e-08
-2.97642e-08
-3.11741e-08
-2.79213e-08
-1.87318e-08
-3.51455e-09
1.63896e-08
3.83437e-08
5.89162e-08
7.46172e-08
8.26728e-08
8.16308e-08
7.16484e-08
5.44065e-08
3.26947e-08
9.79606e-09
-1.11682e-08
-2.77804e-08
-3.86519e-08
-4.34946e-08
-4.29684e-08
-3.8378e-08
-3.13129e-08
-2.3317e-08
-1.56465e-08
-9.14399e-09
-4.22125e-09
-9.25462e-10
9.49959e-10
1.74461e-09
1.82736e-09
1.52407e-09
1.07982e-09
6.50415e-10
3.13762e-10
9.10766e-11
-3.03541e-11
-7.80451e-11
-8.1161e-11
-6.33689e-11
-4.04169e-11
-2.07011e-11
-7.22285e-12
2.12919e-13
3.19914e-12
3.55433e-12
2.73333e-12
1.65635e-12
7.72511e-13
2.12021e-13
-6.28235e-14
-1.47941e-13
-1.35609e-13
-9.01132e-14
-4.59383e-14
-1.57524e-14
-3.01221e-17
5.52924e-15
5.6876e-15
3.88507e-15
1.98439e-15
6.77175e-16
9.92081e-18
-2.14891e-16
-2.14413e-16
-1.39282e-16
-6.58618e-17
-1.89289e-17
2.72044e-18
8.49849e-18
7.15956e-18
4.0878e-18
1.62078e-18
2.64631e-19
-2.40645e-19
-2.96922e-19
-1.97772e-19
-9.13737e-20
-2.46443e-20
4.16878e-21
1.06002e-20
8.08537e-21
4.07695e-21
1.29521e-21
1.345e-24
-3.4686e-22
-2.92787e-22
-1.53679e-22
-5.12963e-23
-2.58193e-24
1.10401e-23
9.65109e-24
5.02962e-24
1.63432e-24
6.11841e-26
-3.51786e-25
-2.91824e-25
-1.43609e-25
-4.20067e-26
1.49812e-27
1.09715e-26
7.99939e-27
3.52486e-27
8.2524e-28
-1.79427e-28
-3.17026e-28
-1.93283e-28
-7.15767e-29
-9.90704e-30
8.26625e-30
8.01854e-30
3.94527e-30
1.1032e-30
-4.54179e-32
-2.57962e-31
-1.68732e-31
-6.3634e-32
-9.62215e-33
6.07532e-33
5.95649e-33
2.78742e-33
6.98581e-34
-7.16748e-35
-1.78247e-34
-1.01896e-34
-3.24886e-35
-2.06549e-36
4.57808e-36
3.24513e-36
1.20956e-36
1.77645e-37
-1.01517e-37
-9.2493e-38
-3.86219e-38
-7.55816e-39
1.95686e-39
2.40839e-39
1.09237e-39
2.45329e-40
-3.36517e-41
-5.8277e-41
-2.78577e-41
-6.65303e-42
5.64822e-43
1.3277e-42
6.46649e-43
1.55514e-43
-1.10898e-44
-2.86779e-44
-1.37066e-44
-3.15956e-45
2.78034e-46
5.86611e-46
2.64662e-46
5.54049e-47
-7.63746e-48
-1.12609e-47
-4.61919e-48
-8.1711e-49
1.95675e-49
1.99871e-49
7.1878e-50
9.4711e-51
-4.3799e-51
-3.22055e-51
-9.7568e-52
-6.75287e-53
8.40868e-53
4.61467e-53
1.1132e-53
-2.76785e-55
-1.37575e-54
-5.7377e-55
-9.86441e-56
1.97675e-56
1.90522e-56
5.9794e-57
5.12956e-58
-4.06757e-58
-2.20403e-58
-4.88184e-59
2.34419e-60
5.78312e-60
2.06578e-60
2.50129e-61
-1.01351e-61
-6.28209e-62
-1.43441e-62
4.81542e-64
1.51087e-63
5.10018e-64
4.59808e-65
-3.02476e-65
-1.48339e-65
-2.36104e-66
5.62182e-67
4.07075e-67
8.07993e-68
-1.28888e-68
-1.20333e-68
-2.51053e-69
4.51453e-70
4.07731e-70
7.98836e-71
-1.94525e-71
-1.50298e-71
-2.61337e-72
8.40164e-73
5.53761e-73
8.15182e-74
-3.46235e-74
-1.93036e-74
-2.18749e-75
1.34848e-75
6.17181e-76
4.2188e-77
-4.89186e-77
-1.76289e-77
-1.25831e-79
1.61783e-78
4.33574e-79
-3.57753e-80
-4.75881e-80
-8.51896e-81
2.06427e-81
1.20703e-81
1.03765e-82
-7.61469e-83
-2.5003e-83
7.6848e-85
2.12268e-84
3.66e-85
-9.0427e-86
-4.43738e-86
-1.38738e-87
2.9651e-87
5.94647e-88
-1.11061e-88
-5.751e-89
-9.47337e-91
3.62179e-90
5.3145e-91
-1.60165e-91
-5.05433e-92
4.05083e-93
3.29796e-93
7.47847e-95
-1.71736e-94
-1.68435e-95
7.53533e-96
1.26967e-96
-2.87907e-97
-6.98223e-98
9.94152e-99
3.15363e-99
-3.29515e-100
-1.20511e-100
1.13376e-101
3.81414e-102
-4.1604e-103
-8.83658e-104
1.47656e-104
5.53934e-106
-3.96208e-106
8.14373e-107
1.20261e-108
-5.31306e-108
6.84461e-109
1.74182e-109
-4.87299e-110
-1.50281e-111
1.92305e-111
-1.70374e-112
-3.95731e-113
9.92081e-114
-2.1861e-115
-2.24809e-115
3.76784e-116
-5.83447e-118
-7.11752e-118
1.29073e-118
-8.81989e-120
-6.95323e-121
2.75478e-121
-4.27117e-122
4.63419e-123
-3.94893e-124
2.76668e-125
-1.63114e-126
8.19967e-128
-3.54197e-129
1.32062e-130
-4.25956e-132
1.18918e-133
-2.87141e-135
5.98513e-137
-1.07374e-138
1.65136e-140
-2.16637e-142
2.40946e-144
-2.25549e-146
1.76177e-148
-1.13666e-150
5.98512e-153
-2.53578e-155
8.49971e-158
-2.20865e-160
4.34059e-163
-6.25763e-166
6.36775e-169
-4.35033e-172
1.86359e-175
-4.55849e-179
5.71812e-183
-3.0028e-187
2.89871e-192
0
0
0
0
0
0
0
0
0
0
0
0
0
0
0
0
0
0
0
0
0
0
0
0
0
0
0
0
0
0
0
0
0
0
0
0
0
0
0
0
0
0
0
0
0
0
0
0
0
0
0
0
