1.85011e-08
1.85011e-08
2.79775e-08
3.35094e-08
3.487e-08
3.24136e-08
2.70943e-08
2.03119e-08
1.35937e-08
8.20103e-09
4.79781e-09
3.31068e-09
3.04011e-09
2.98551e-09
2.26125e-09
4.44976e-10
-2.27157e-09
-5.17966e-09
-7.35389e-09
-8.03801e-09
-6.97434e-09
-4.56277e-09
-1.79882e-09
-1.22531e-11
-4.83903e-10
-4.04562e-09
-1.07667e-08
-1.9807e-08
-2.94817e-08
-3.75415e-08
-4.16256e-08
-3.98018e-08
-3.10746e-08
-1.57289e-08
4.59736e-09
2.71581e-08
4.86238e-08
6.57625e-08
7.6103e-08
7.84036e-08
7.28108e-08
6.06886e-08
4.41967e-08
2.57672e-08
7.63622e-09
-8.45665e-09
-2.13691e-08
-3.05013e-08
-3.56756e-08
-3.70342e-08
-3.4997e-08
-3.02626e-08
-2.3796e-08
-1.67438e-08
-1.02551e-08
-5.2416e-09
-2.15945e-09
-9.04388e-10
-8.81453e-10
-1.24291e-09
-1.21719e-09
-4.0698e-10
1.06175e-09
2.60452e-09
3.43805e-09
2.93598e-09
9.37756e-10
-2.12045e-09
-5.31921e-09
-7.5866e-09
-8.13182e-09
-6.81972e-09
-4.3359e-09
-2.05909e-09
-1.65795e-09
-4.52706e-09
-1.12384e-08
-2.11896e-08
-3.25746e-08
-4.27091e-08
-4.86355e-08
-4.78516e-08
-3.89684e-08
-2.21259e-08
9.41382e-10
2.72018e-08
5.29087e-08
7.43235e-08
8.84133e-08
9.33707e-08
8.88626e-08
7.59796e-08
5.69277e-08
3.45546e-08
1.18215e-08
-8.66907e-09
-2.50125e-08
-3.61675e-08
-4.19503e-08
-4.28906e-08
-4.00047e-08
-3.45414e-08
-2.77516e-08
-2.07147e-08
-1.42355e-08
-8.81242e-09
-4.65949e-09
-1.76604e-09
2.91048e-11
9.64559e-10
1.29617e-09
1.25525e-09
1.02552e-09
7.36016e-10
4.65043e-10
2.50467e-10
1.02066e-10
1.30833e-11
-3.0654e-11
-4.45458e-11
-4.17539e-11
-3.18279e-11
-2.06949e-11
-1.13579e-11
-4.821e-12
-9.43572e-13
9.14339e-13
1.48241e-12
1.37024e-12
9.97374e-13
6.04152e-13
2.97219e-13
1.00596e-13
-2.60591e-15
-4.23965e-14
-4.68621e-14
-3.62784e-14
-2.25991e-14
-1.13489e-14
-4.045e-15
-2.19291e-16
1.24953e-15
1.43319e-15
1.09131e-15
6.54508e-16
3.08809e-16
9.62037e-17
-6.64391e-18
-4.02722e-17
-3.96162e-17
-2.7269e-17
-1.46744e-17
-5.8801e-18
-1.10877e-18
8.15693e-19
1.18331e-18
9.19878e-19
5.35325e-19
2.37169e-19
6.4798e-20
-1.10114e-20
-3.09167e-20
-2.71051e-20
-1.69407e-20
-7.6233e-21
-8.47033e-22
1.69407e-21
1.69407e-21
1.69407e-21
0
0
0
0
0
0
4.23516e-22
0
0
-5.29396e-23
-5.29396e-23
-2.64698e-23
-2.64698e-23
-1.32349e-23
0
0
-3.30872e-24
-2.48154e-24
-4.1359e-25
0
4.1359e-25
4.1359e-25
2.06795e-25
5.16988e-26
0
-1.29247e-26
0
0
0
0
-2.01948e-28
0
0
-1.00974e-28
0
-6.31089e-30
6.31089e-30
6.31089e-30
6.31089e-30
1.57772e-30
3.9443e-31
3.9443e-31
1.97215e-31
0
4.93038e-32
2.46519e-32
6.16298e-33
0
0
0
1.44445e-34
9.62965e-35
0
0
9.0278e-36
1.50463e-36
1.50463e-36
7.52316e-37
0
-1.41059e-37
-4.70198e-38
0
0
0
0
0
-3.67342e-40
-6.88766e-41
-2.29589e-41
-1.14794e-41
-5.73972e-42
0
0
0
0
0
0
0
1.4013e-45
3.50325e-46
0
0
4.37906e-47
1.09476e-47
0
-6.84228e-49
0
4.27642e-50
0
1.06911e-50
2.67276e-51
1.00229e-51
3.34096e-52
-8.35239e-53
2.0881e-53
0
-2.61012e-54
0
-2.44699e-55
-8.15663e-56
0
1.01958e-56
2.54895e-57
0
0
-9.95682e-60
0
9.95682e-60
1.2446e-60
0
0
-3.88938e-62
0
0
-1.21543e-63
0
0
3.79823e-65
0
0
0
0
0
0
0
0
0
0
0
0
0
0
0
0
0
0
0
0
0
0
0
0
0
0
0
0
0
0
0
0
0
0
0
0
0
0
0
0
0
0
0
0
0
0
0
0
0
0
0
0
-1.46302e-98
0
0
0
-1.78592e-102
0
0
2.18008e-106
-4.76892e-107
2.34188e-108
-1.29735e-109
5.50957e-111
-1.90041e-112
4.94899e-114
-9.86427e-116
1.48785e-117
-1.67187e-119
1.36689e-121
-7.88312e-124
3.07853e-126
-7.69025e-129
1.13501e-131
-8.79691e-135
2.9566e-138
-2.92468e-142
5.29511e-147
0
0
0
0
0
0
0
0
0
0
0
0
0
0
0
0
0
0
0
0
0
0
0
0
0
0
0
0
0
0
0
0
0
0
0
