-2.35389e-08
-2.35389e-08
-1.12627e-08
5.71714e-09
2.52056e-08
4.43207e-08
6.00916e-08
7.00497e-08
7.26801e-08
6.76561e-08
5.58413e-08
3.90826e-08
1.98505e-08
7.92267e-10
-1.57234e-08
-2.79877e-08
-3.51835e-08
-3.74178e-08
-3.55526e-08
-3.08896e-08
-2.48062e-08
-1.84535e-08
-1.25971e-08
-7.61952e-09
-3.64028e-09
-6.68033e-10
1.29847e-09
2.26138e-09
2.28852e-09
1.58869e-09
5.27468e-10
-4.52599e-10
-9.85479e-10
-9.37876e-10
-4.83485e-10
-4.29516e-11
-1.01314e-10
-9.79508e-10
-2.66847e-09
-4.81469e-09
-6.88029e-09
-8.41731e-09
-9.33316e-09
-1.00136e-08
-1.12192e-08
-1.37641e-08
-1.80828e-08
-2.38543e-08
-2.98481e-08
-3.40901e-08
-3.43359e-08
-2.8725e-08
-1.64181e-08
1.98643e-09
2.4401e-08
4.75948e-08
6.78533e-08
8.17769e-08
8.70088e-08
8.27121e-08
6.96896e-08
5.0143e-08
2.71573e-08
4.05453e-09
-1.62247e-08
-3.15804e-08
-4.09812e-08
-4.44505e-08
-4.28592e-08
-3.76046e-08
-3.02634e-08
-2.2295e-08
-1.48396e-08
-8.62624e-09
-3.97967e-09
-8.95267e-10
8.51524e-10
1.59333e-09
1.67835e-09
1.4082e-09
1.00709e-09
6.16753e-10
3.08167e-10
1.01279e-10
-1.44444e-11
-6.29792e-11
-7.00707e-11
-5.68668e-11
-3.76874e-11
-2.04175e-11
-8.13976e-12
-1.0151e-12
2.15105e-12
2.86233e-12
2.38165e-12
1.54622e-12
7.9487e-13
2.83327e-13
8.33222e-15
-9.73615e-14
-1.08052e-13
-7.98192e-14
-4.54696e-14
-1.92114e-14
-3.91758e-15
2.69365e-15
4.13822e-15
3.30289e-15
1.94119e-15
8.41232e-16
1.93061e-16
-8.63895e-17
-1.48329e-16
-1.17178e-16
-6.62905e-17
-2.67499e-17
-4.78566e-18
3.77375e-18
5.03861e-18
3.57327e-18
1.80471e-18
5.99449e-19
1.56156e-20
-1.61664e-19
-1.509e-19
-8.91365e-20
-3.65676e-20
-7.25688e-21
3.83481e-21
5.36217e-21
3.60374e-21
1.65048e-21
4.43553e-22
-6.26944e-23
-1.70008e-22
-1.26158e-22
-6.10232e-23
-1.81011e-23
6.39096e-25
5.07568e-24
3.95052e-24
1.9235e-24
5.69899e-25
-1.39626e-26
-1.47687e-25
-1.1214e-25
-5.23022e-26
-1.41816e-26
1.21774e-27
4.16734e-27
2.86894e-27
1.2151e-27
2.66837e-28
-7.01376e-29
-1.0955e-28
-6.4634e-29
-2.33225e-29
-3.06671e-30
2.69989e-30
2.54571e-30
1.23309e-30
3.41886e-31
-1.16972e-32
-7.61911e-32
-4.9643e-32
-1.8711e-32
-2.96629e-33
1.6057e-33
1.62519e-33
7.66221e-34
1.97604e-34
-1.3055e-35
-4.43551e-35
-2.59149e-35
-8.47964e-36
-7.48041e-37
1.0152e-36
7.56637e-37
2.90296e-37
4.85542e-38
-1.93045e-38
-1.96055e-38
-8.48401e-39
-1.82135e-39
2.96033e-40
4.60744e-40
2.18638e-40
5.32535e-41
-3.42459e-42
-1.00098e-41
-5.06013e-42
-1.30837e-42
2.63385e-44
2.04258e-43
1.06251e-43
2.77717e-44
-1.94668e-46
-3.95334e-45
-2.0321e-45
-5.1366e-46
9.13549e-48
7.26077e-47
3.53382e-47
8.2442e-48
-4.35703e-49
-1.25363e-48
-5.54753e-49
-1.1277e-49
1.36615e-50
2.00139e-50
7.76104e-51
1.25922e-51
-3.18992e-52
-2.89544e-52
-9.48585e-53
-1.01897e-53
5.92735e-54
3.71437e-54
9.80996e-55
2.92086e-56
-9.02819e-56
-4.12297e-56
-8.05575e-57
8.16996e-58
1.13826e-57
3.8233e-58
4.31401e-59
-1.95466e-59
-1.17799e-59
-2.74685e-60
3.64391e-62
2.65224e-61
9.57712e-62
1.14855e-62
-4.33551e-63
-2.5506e-63
-5.10048e-64
4.79265e-65
6.02323e-65
1.53148e-65
-4.93623e-67
-1.53063e-66
-4.13196e-67
2.55534e-68
4.93028e-68
1.20501e-68
-1.7205e-69
-1.88579e-69
-4.00462e-70
8.70341e-71
7.33434e-71
1.36976e-71
-3.77291e-72
-2.68066e-72
-4.27501e-73
1.51527e-73
8.96463e-74
1.10563e-74
-5.72093e-75
-2.6988e-75
-2.00471e-76
1.99295e-76
7.14536e-77
5.07244e-79
-6.23372e-78
-1.59354e-78
1.49173e-79
1.70124e-79
2.69577e-80
-7.83597e-81
-3.88993e-81
-2.10012e-82
2.59392e-82
6.81084e-83
-6.32386e-84
-6.21573e-84
-6.56191e-85
3.2953e-85
9.9792e-86
-6.90349e-87
-7.67225e-87
-6.21782e-88
4.04909e-88
8.80527e-89
-1.42363e-89
-6.62934e-90
1.59974e-91
3.75956e-91
2.1584e-92
-1.75649e-92
-2.15548e-93
7.07472e-94
1.28859e-94
-2.55783e-95
-5.9511e-96
8.72975e-97
2.22705e-97
-2.95747e-98
-6.4955e-99
9.92059e-100
1.14473e-100
-2.8998e-101
1.54851e-102
4.35462e-103
-2.33533e-103
2.25574e-104
1.01847e-104
-2.3718e-105
-1.7952e-106
1.13641e-106
-6.40455e-108
-3.02056e-108
5.68373e-109
1.30683e-110
-1.69399e-110
2.09204e-111
8.06469e-113
-5.81984e-113
7.96125e-114
-2.70988e-115
-9.18118e-116
2.17488e-116
-2.86577e-117
2.77311e-118
-2.1335e-119
1.35162e-120
-7.18263e-122
3.23541e-123
-1.24266e-124
4.08147e-126
-1.14729e-127
2.75767e-129
-5.65491e-131
9.85749e-133
-1.45363e-134
1.80226e-136
-1.86455e-138
1.59505e-140
-1.11606e-142
6.30474e-145
-2.83108e-147
9.91749e-150
-2.64921e-152
5.24674e-155
-7.43721e-158
7.21114e-161
-4.50363e-164
1.66606e-167
-3.23062e-171
2.68832e-175
-7.16055e-180
5.62009e-185
0
0
0
0
0
0
0
0
0
0
0
0
0
0
0
0
0
0
0
0
0
0
0
0
0
0
0
0
0
0
0
0
0
0
0
0
0
0
0
0
0
0
0
0
0
0
0
0
