1.30738e-08
1.30738e-08
9.83858e-09
7.39049e-09
5.0739e-09
2.35378e-09
-8.82358e-10
-4.23833e-09
-6.97485e-09
-8.35501e-09
-8.02174e-09
-6.24576e-09
-3.93527e-09
-2.39248e-09
-2.89744e-09
-6.25914e-09
-1.248e-08
-2.06367e-08
-2.90112e-08
-3.54365e-08
-3.77711e-08
-3.43966e-08
-2.46319e-08
-8.9741e-09
1.08901e-08
3.23237e-08
5.21978e-08
6.74848e-08
7.58587e-08
7.61595e-08
6.86008e-08
5.46656e-08
3.67219e-08
1.74731e-08
-5.99369e-10
-1.56508e-08
-2.66569e-08
-3.33639e-08
-3.60806e-08
-3.54271e-08
-3.2139e-08
-2.69765e-08
-2.07175e-08
-1.41731e-08
-8.15792e-09
-3.38481e-09
-3.09217e-10
1.00554e-09
9.23591e-10
1.2729e-10
-6.18069e-10
-7.447e-10
-9.60311e-11
1.0206e-09
1.97464e-09
2.0976e-09
9.98586e-10
-1.22481e-09
-3.9794e-09
-6.39268e-09
-7.67931e-09
-7.51705e-09
-6.27577e-09
-4.98894e-09
-5.04815e-09
-7.70423e-09
-1.35365e-08
-2.20747e-08
-3.17185e-08
-4.00084e-08
-4.41928e-08
-4.19405e-08
-3.20023e-08
-1.46353e-08
8.32909e-09
3.3793e-08
5.79978e-08
7.72738e-08
8.87534e-08
9.0888e-08
8.36668e-08
6.8516e-08
4.79317e-08
2.49499e-08
2.5845e-09
-1.66541e-08
-3.10764e-08
-3.9936e-08
-4.33672e-08
-4.21874e-08
-3.7627e-08
-3.10525e-08
-2.37338e-08
-1.66853e-08
-1.0591e-08
-5.80241e-09
-2.39037e-09
-2.24991e-10
9.38171e-10
1.38254e-09
1.37505e-09
1.1332e-09
8.12426e-10
5.0827e-10
2.67503e-10
1.02628e-10
5.89112e-12
-3.94934e-11
-5.1712e-11
-4.61138e-11
-3.3595e-11
-2.06754e-11
-1.04307e-11
-3.66524e-12
4.09115e-14
1.57169e-12
1.81828e-12
1.46837e-12
9.58127e-13
5.10114e-13
2.0122e-13
2.77537e-14
-4.6643e-14
-6.24562e-14
-5.13007e-14
-3.28527e-14
-1.67507e-14
-6.05364e-15
-4.11591e-16
1.74241e-15
1.99568e-15
1.48758e-15
8.58961e-16
3.77668e-16
9.52268e-17
-3.0782e-17
-6.35495e-17
-5.41711e-17
-3.35531e-17
-1.58291e-17
-4.8446e-18
3.08002e-19
1.84903e-18
1.70829e-18
1.07825e-18
5.09279e-19
1.56225e-19
-6.53142e-21
-5.33862e-20
-4.82461e-20
-2.92412e-20
-1.29681e-20
-3.44769e-21
5.82335e-22
1.51684e-21
1.2082e-21
6.60891e-22
2.54539e-22
4.38664e-23
-3.08125e-23
-3.88904e-23
-2.56167e-23
-1.18471e-23
-3.44443e-24
1.45403e-25
1.01378e-24
8.17689e-25
4.27828e-25
1.50843e-25
1.83016e-26
-2.2126e-26
-2.25299e-26
-1.29184e-26
-5.00374e-27
-9.39533e-28
4.28746e-28
5.57133e-28
3.37731e-28
1.35795e-28
2.86948e-29
-8.357e-30
-1.27081e-29
-7.78538e-30
-3.09381e-30
-6.35557e-31
1.86815e-31
2.71075e-31
1.5913e-31
5.94631e-32
1.03278e-32
-4.62825e-33
-5.33994e-33
-2.84564e-33
-9.44157e-34
-1.04196e-34
1.0918e-34
9.42511e-35
4.34463e-35
1.17549e-35
-1.14611e-37
-2.21066e-36
-1.43043e-36
-5.4036e-37
-9.89068e-38
3.00646e-38
3.60799e-38
1.76783e-38
5.02799e-39
1.97303e-40
-7.00425e-40
-4.59177e-40
-1.66183e-40
-2.73758e-41
9.6017e-42
9.87635e-42
4.3174e-42
1.02067e-42
-5.34245e-44
-1.79892e-43
-9.38213e-44
-2.68272e-44
-1.67499e-45
2.81218e-45
1.76189e-45
5.70004e-46
6.9107e-47
-3.85947e-47
-2.92614e-47
-1.02547e-47
-1.57359e-48
4.78425e-49
4.35911e-49
1.59969e-49
2.69991e-50
-5.66657e-51
-5.90279e-51
-2.18859e-51
-3.73574e-52
6.81894e-53
7.2984e-53
2.63204e-53
4.23508e-54
-8.54535e-55
-8.22035e-55
-2.7684e-55
-3.86424e-56
1.06737e-56
8.34631e-57
2.51161e-57
2.62728e-58
-1.24655e-58
-7.48901e-59
-1.89753e-59
-9.4196e-61
1.26952e-60
5.68139e-61
1.09807e-61
-5.20357e-63
-1.05211e-62
-3.31188e-63
-3.56084e-64
1.16617e-64
5.96255e-65
9.64394e-66
-9.8294e-67
-6.63021e-67
-4.05694e-69
5.99848e-68
7.67922e-69
-8.43989e-69
-4.30598e-69
-4.30145e-70
4.10901e-70
2.05168e-70
2.47616e-71
-1.46978e-71
-7.69379e-72
-9.68356e-73
4.84455e-73
2.48445e-73
2.75667e-74
-1.56271e-74
-7.06439e-75
-5.39761e-76
4.86324e-76
1.76367e-76
3.67712e-78
-1.3882e-77
-3.69399e-78
2.46687e-79
3.50001e-79
5.88057e-80
-1.41002e-80
-7.326e-81
-4.2107e-82
4.47323e-82
1.10415e-82
-1.18394e-83
-9.27164e-84
-6.28867e-85
4.95214e-85
1.02298e-85
-1.69521e-86
-7.60713e-87
1.82741e-88
4.11259e-88
2.1995e-89
-1.79565e-89
-1.95045e-90
6.70925e-91
9.85025e-92
-2.24196e-92
-3.50775e-93
6.861e-94
7.94861e-95
-1.78782e-95
-5.48634e-99
2.2654e-97
-9.77254e-98
1.47169e-98
4.46479e-99
-1.39536e-99
-4.70757e-101
6.14903e-101
-5.51472e-102
-1.30777e-102
3.32427e-103
-1.08254e-104
-6.59957e-105
1.27103e-105
-7.20776e-107
-1.16942e-107
3.39873e-108
-4.67568e-109
4.49781e-110
-3.32888e-111
1.97217e-112
-9.53907e-114
3.80567e-115
-1.25834e-116
3.45228e-118
-7.84623e-120
1.47151e-121
-2.2635e-123
2.83231e-125
-2.85273e-127
2.28248e-129
-1.4272e-131
6.83454e-134
-2.44435e-136
6.3264e-139
-1.13854e-141
1.3528e-144
-9.8721e-148
3.92341e-151
-6.72661e-155
3.8909e-159
0
0
0
0
0
0
0
0
0
0
0
0
0
0
0
0
0
0
0
0
0
0
0
0
0
0
0
0
0
0
0
0
0
0
0
0
0
0
0
0
0
0
0
