3.10665e-08
3.10665e-08
3.47111e-08
3.41011e-08
3.00511e-08
2.39124e-08
1.72581e-08
1.14761e-08
7.40606e-09
5.15582e-09
4.17289e-09
3.54582e-09
2.41926e-09
3.59548e-10
-2.47106e-09
-5.39545e-09
-7.5195e-09
-8.12595e-09
-7.01134e-09
-4.64068e-09
-2.06491e-09
-6.29081e-10
-1.56356e-09
-5.5792e-09
-1.25779e-08
-2.15542e-08
-3.07172e-08
-3.78143e-08
-4.05978e-08
-3.73439e-08
-2.73109e-08
-1.10237e-08
9.70421e-09
3.20454e-08
5.26878e-08
6.8502e-08
7.71804e-08
7.76818e-08
7.03665e-08
5.68039e-08
3.93263e-08
2.04804e-08
2.53637e-09
-1.28247e-08
-2.46046e-08
-3.24063e-08
-3.62706e-08
-3.65266e-08
-3.37129e-08
-2.8561e-08
-2.19918e-08
-1.50579e-08
-8.80155e-09
-4.04703e-09
-1.20078e-09
-1.47799e-10
-3.08262e-10
-8.5617e-10
-1.03138e-09
-4.29167e-10
8.4921e-10
2.25193e-09
3.02388e-09
2.55139e-09
6.64775e-10
-2.23133e-09
-5.26687e-09
-7.42839e-09
-7.98095e-09
-6.82913e-09
-4.66848e-09
-2.84692e-09
-2.95688e-09
-6.27644e-09
-1.32381e-08
-2.31049e-08
-3.39761e-08
-4.31443e-08
-4.77217e-08
-4.53707e-08
-3.49408e-08
-1.68432e-08
6.93702e-09
3.31916e-08
5.81116e-08
7.8029e-08
9.01036e-08
9.28088e-08
8.61279e-08
7.14455e-08
5.11899e-08
2.83248e-08
5.81171e-09
-1.38518e-08
-2.89412e-08
-3.86316e-08
-4.2952e-08
-4.26087e-08
-3.87367e-08
-3.26392e-08
-2.55616e-08
-1.85321e-08
-1.22775e-08
-7.20879e-09
-3.45981e-09
-9.56155e-10
5.05625e-10
1.18519e-09
1.34179e-09
1.19782e-09
9.21342e-10
6.23747e-10
3.67195e-10
1.76805e-10
5.36625e-11
-1.39179e-11
-4.20768e-11
-4.6209e-11
-3.84031e-11
-2.67663e-11
-1.58624e-11
-7.6361e-12
-2.39641e-12
3.70518e-13
1.44279e-12
1.5452e-12
1.21513e-12
7.83982e-13
4.16065e-13
1.64826e-13
2.36827e-14
-3.75599e-14
-5.13892e-14
-4.30246e-14
-2.82644e-14
-1.5008e-14
-5.92711e-15
-9.19579e-16
1.17181e-15
1.59474e-15
1.28549e-15
7.99526e-16
3.9174e-16
1.32105e-16
2.22981e-18
-4.30699e-17
-4.52248e-17
-3.18764e-17
-1.73904e-17
-7.06595e-18
-1.40607e-18
8.92773e-19
1.34339e-18
1.04524e-18
6.01393e-19
2.59192e-19
6.26804e-20
-2.07523e-20
-3.98105e-20
-3.20814e-20
-1.94818e-20
-9.95264e-21
-4.65868e-21
-2.11758e-21
-1.27055e-21
-1.69407e-21
-2.96462e-21
-3.38813e-21
-2.96462e-21
-1.69407e-21
-8.47033e-22
-8.47033e-22
-1.69407e-21
-2.5411e-21
-2.5411e-21
-1.27055e-21
-8.47033e-22
-6.35275e-22
-4.23516e-22
-4.23516e-22
-8.47033e-22
-1.69407e-21
-1.69407e-21
-1.69407e-21
-1.69407e-21
-1.69407e-21
-1.69407e-21
-1.69407e-21
-1.69407e-21
-1.69407e-21
-1.69407e-21
-4.23516e-22
0
0
0
-5.29396e-23
-4.63221e-23
-3.30872e-23
-1.32349e-23
-6.61744e-24
-6.61744e-24
-3.30872e-24
0
0
4.1359e-25
2.06795e-25
0
0
0
0
0
-6.46235e-27
0
0
0
0
0
0
0
0
0
0
0
0
0
0
0
0
0
0
0
0
0
0
0
0
0
0
0
0
0
0
0
0
0
0
0
0
0
0
0
0
0
0
0
0
0
0
0
0
0
0
0
0
0
0
0
0
0
0
0
0
0
0
0
0
0
0
0
0
0
0
0
0
0
0
0
0
0
0
0
0
0
0
0
0
0
0
0
0
0
0
0
0
0
0
0
0
0
0
0
0
0
0
0
0
0
0
0
0
0
0
0
0
0
0
0
0
0
0
0
0
0
0
0
0
0
0
0
0
0
0
0
0
0
0
0
0
0
0
0
0
0
0
0
0
0
0
0
0
0
0
0
0
0
0
0
0
0
0
0
0
0
0
0
0
0
0
0
0
0
0
0
0
0
0
0
0
0
0
0
0
0
0
0
0
0
0
0
0
