-3.2312e-08
-3.2312e-08
-2.6434e-08
-1.98415e-08
-1.35943e-08
-8.32093e-09
-4.23847e-09
-1.28726e-09
6.96937e-10
1.85632e-09
2.27694e-09
2.03902e-09
1.29615e-09
3.1438e-10
-5.72034e-10
-1.0785e-09
-1.10305e-09
-7.97336e-10
-5.23156e-10
-6.9961e-10
-1.60602e-09
-3.23784e-09
-5.29598e-09
-7.32997e-09
-8.9781e-09
-1.01909e-08
-1.13176e-08
-1.29853e-08
-1.57905e-08
-1.99128e-08
-2.48108e-08
-2.91499e-08
-3.10354e-08
-2.85124e-08
-2.01929e-08
-5.80928e-09
1.34941e-08
3.52441e-08
5.60943e-08
7.25369e-08
8.16786e-08
8.18756e-08
7.30671e-08
5.67389e-08
3.55494e-08
1.27357e-08
-8.54128e-09
-2.57583e-08
-3.73856e-08
-4.29924e-08
-4.3122e-08
-3.90059e-08
-3.22078e-08
-2.42868e-08
-1.65427e-08
-9.87386e-09
-4.74693e-09
-1.25272e-09
7.87168e-10
1.69974e-09
1.85381e-09
1.58325e-09
1.14467e-09
7.0542e-10
3.52735e-10
1.14086e-10
-1.99522e-11
-7.58963e-11
-8.334e-11
-6.70284e-11
-4.38793e-11
-2.32381e-11
-8.72668e-12
-4.64278e-13
3.04932e-12
3.66623e-12
2.9244e-12
1.82815e-12
8.89088e-13
2.73751e-13
-4.04229e-14
-1.47428e-13
-1.43723e-13
-9.91115e-14
-5.25523e-14
-1.9448e-14
-1.49823e-15
5.33825e-15
6.01982e-15
4.29749e-15
2.29053e-15
8.44852e-16
7.34839e-17
-2.08576e-16
-2.29711e-16
-1.56557e-16
-7.77546e-17
-2.48449e-17
8.66939e-19
8.62581e-18
7.8739e-18
4.72511e-18
1.99709e-18
4.18716e-19
-2.13238e-19
-3.18559e-19
-2.2585e-19
-1.10445e-19
-3.35625e-20
1.75781e-21
1.10406e-20
9.16777e-21
4.90224e-21
1.70986e-21
1.30015e-22
-3.50899e-22
-3.31506e-22
-1.85435e-22
-6.7642e-23
-7.79928e-24
1.10187e-23
1.09979e-23
6.13929e-24
2.19207e-24
2.29989e-25
-3.56745e-25
-3.3791e-25
-1.78886e-25
-5.84646e-26
-2.79677e-27
1.15968e-26
9.50423e-27
4.52869e-27
1.23614e-27
-1.01884e-28
-3.53209e-28
-2.37837e-28
-9.63509e-29
-1.81466e-29
7.73773e-30
9.44014e-30
5.08135e-30
1.60831e-30
7.06346e-32
-2.82818e-31
-2.10329e-31
-8.73403e-32
-1.74229e-32
5.55332e-33
7.17024e-33
3.70931e-33
1.07606e-33
-9.8262e-37
-2.0464e-34
-1.32715e-34
-4.75106e-35
-5.96724e-36
4.87381e-36
4.15183e-36
1.72773e-36
3.38428e-37
-9.42231e-38
-1.16458e-37
-5.45752e-38
-1.30953e-38
1.35759e-39
2.99127e-39
1.53948e-39
4.11756e-40
-1.00393e-41
-7.17365e-41
-3.94231e-41
-1.11098e-41
-1.32221e-43
1.63331e-42
9.25155e-43
2.62859e-43
5.63282e-45
-3.56708e-44
-1.99676e-44
-5.48933e-45
-5.15704e-47
7.47427e-46
3.95618e-46
1.00754e-46
-2.50061e-48
-1.48717e-47
-7.1448e-48
-1.5995e-48
1.4186e-49
2.76103e-49
1.16178e-49
2.1179e-50
-4.37073e-51
-4.68561e-51
-1.66981e-51
-2.13376e-52
1.00422e-52
7.115e-53
2.0622e-53
1.09532e-54
-1.8574e-54
-9.44984e-55
-2.0799e-55
1.34022e-56
2.83598e-56
1.06719e-56
1.50743e-57
-4.87156e-58
-3.58785e-58
-9.77942e-59
-3.51684e-60
8.38688e-60
3.70615e-60
6.45707e-61
-1.06737e-61
-1.03585e-61
-2.96376e-62
-1.48114e-63
2.2201e-63
9.62158e-64
1.47596e-64
-3.51184e-65
-2.60724e-65
-5.94416e-66
3.39616e-67
6.64924e-67
1.90809e-67
-8.78463e-71
-1.84059e-68
-5.88533e-69
-1.09385e-71
6.05617e-70
1.92381e-70
-4.61558e-72
-2.25703e-71
-6.6622e-72
3.89433e-73
8.62229e-73
2.28968e-73
-2.25854e-74
-3.17299e-74
-7.29576e-75
1.13436e-75
1.09183e-75
2.03344e-76
-5.10298e-77
-3.44176e-77
-4.57413e-78
2.0386e-78
9.70853e-79
6.52344e-80
-7.13391e-80
-2.36624e-80
4.64698e-82
2.15453e-81
4.65351e-82
-7.3722e-83
-5.48207e-83
-5.97347e-84
3.11038e-84
1.11259e-84
-1.75558e-86
-8.8197e-86
-1.52824e-86
3.72419e-87
1.75801e-87
3.049e-89
-1.17702e-88
-2.01586e-89
4.93044e-90
2.00299e-90
-5.28446e-92
-1.31529e-91
-1.19948e-92
6.49792e-93
1.34162e-93
-2.39761e-94
-9.30983e-95
5.4619e-96
5.1112e-96
4.4307e-98
-2.395e-97
-1.2896e-98
9.96894e-99
8.3137e-100
-3.78647e-100
-3.61149e-101
1.33081e-101
1.11704e-102
-4.26557e-103
-1.81208e-104
1.14451e-104
-4.80273e-106
-1.73238e-106
5.21592e-107
-5.65515e-108
-2.07804e-108
6.39616e-109
2.47279e-110
-3.11733e-110
2.39943e-111
8.88414e-112
-1.8261e-112
-6.85226e-114
6.28822e-114
-6.18077e-115
-8.17466e-116
2.68283e-116
-2.07599e-117
-2.64282e-118
8.54386e-119
-9.3436e-120
9.92052e-122
1.4042e-121
-2.83632e-122
3.53422e-123
-3.33552e-124
2.54803e-125
-1.62493e-126
8.79777e-128
-4.08414e-129
1.63512e-130
-5.66372e-132
1.69955e-133
-4.41764e-135
9.93335e-137
-1.92757e-138
3.21703e-140
-4.59752e-142
5.59574e-144
-5.76262e-146
4.98241e-148
-3.58378e-150
2.12149e-152
-1.02051e-154
3.92942e-157
-1.1895e-159
2.77018e-162
-4.83346e-165
6.1138e-168
-5.37615e-171
3.11005e-174
-1.09651e-177
2.12292e-181
-2.05216e-185
7.73023e-190
0
0
0
0
0
0
0
0
0
0
0
0
0
0
0
0
0
0
0
0
0
0
0
0
0
0
0
0
0
0
0
0
0
0
0
0
0
0
0
0
0
0
0
0
0
0
0
0
0
0
0
0
0
