-1.50908e-10
-1.50908e-10
-6.30396e-10
-8.5198e-10
-6.71818e-10
-1.28245e-10
5.5322e-10
1.04751e-09
1.07953e-09
5.69073e-10
-3.0244e-10
-1.14792e-09
-1.54129e-09
-1.2254e-09
-2.61858e-10
9.59282e-10
1.87112e-09
1.98594e-09
1.14096e-09
-3.86866e-10
-1.96533e-09
-2.8683e-09
-2.60582e-09
-1.17436e-09
8.93514e-10
2.71599e-09
3.41597e-09
2.49596e-09
7.3516e-11
-3.1275e-09
-6.03476e-09
-7.63801e-09
-7.39636e-09
-5.48939e-09
-2.81997e-09
-7.65896e-10
-7.6064e-10
-3.83112e-09
-1.02246e-08
-1.92241e-08
-2.91992e-08
-3.78857e-08
-4.28396e-08
-4.19784e-08
-3.40957e-08
-1.92337e-08
1.1882e-09
2.4547e-08
4.74772e-08
6.65291e-08
7.88693e-08
8.28432e-08
7.82551e-08
6.63004e-08
4.91888e-08
2.95892e-08
1.00675e-08
-7.33152e-09
-2.12772e-08
-3.11312e-08
-3.67927e-08
-3.85189e-08
-3.6803e-08
-3.2331e-08
-2.59818e-08
-1.88002e-08
-1.18904e-08
-6.22459e-09
-2.42167e-09
-5.87354e-10
-2.99256e-10
-7.6944e-10
-1.14234e-09
-8.22131e-10
2.99234e-10
1.81044e-09
2.96746e-09
3.03032e-09
1.61586e-09
-1.08213e-09
-4.30775e-09
-7.00532e-09
-8.24216e-09
-7.63444e-09
-5.6062e-09
-3.36253e-09
-2.55617e-09
-4.73625e-09
-1.07509e-08
-2.03019e-08
-3.18102e-08
-4.26586e-08
-4.97663e-08
-5.03445e-08
-4.26333e-08
-2.64197e-08
-3.19964e-09
2.40558e-08
5.14682e-08
7.50107e-08
9.12762e-08
9.80845e-08
9.48101e-08
8.23835e-08
6.30021e-08
3.96387e-08
1.54728e-08
-6.63646e-09
-2.45416e-08
-3.70117e-08
-4.37484e-08
-4.52453e-08
-4.25483e-08
-3.69806e-08
-2.98888e-08
-2.24475e-08
-1.55422e-08
-9.72835e-09
-5.25283e-09
-2.11648e-09
-1.54233e-10
8.8543e-10
1.27468e-09
1.26056e-09
1.03963e-09
7.50088e-10
4.75901e-10
2.57876e-10
1.06919e-10
1.63921e-11
-2.81676e-11
-4.25127e-11
-4.00575e-11
-3.0472e-11
-1.97028e-11
-1.07211e-11
-4.48942e-12
-8.39118e-13
8.76526e-13
1.37636e-12
1.2495e-12
8.93343e-13
5.29672e-13
2.52613e-13
7.96501e-14
-8.04523e-15
-3.96275e-14
-4.11194e-14
-3.06186e-14
-1.83559e-14
-8.75747e-15
-2.79569e-15
1.58257e-16
1.17545e-15
1.19816e-15
8.55934e-16
4.83216e-16
2.09609e-16
5.22912e-17
-1.72468e-17
-3.54081e-17
-3.04634e-17
-1.92468e-17
-9.44983e-18
-3.22891e-18
-1.7494e-19
8.59967e-19
9.05003e-19
6.18205e-19
3.21329e-19
1.20777e-19
1.80734e-20
-1.93526e-20
-2.39018e-20
-1.68877e-20
-8.84729e-21
-3.3379e-21
-5.37327e-22
4.64525e-22
5.81399e-22
4.00762e-22
2.01549e-22
7.08424e-23
8.12364e-24
-1.211e-23
-1.29704e-23
-8.21106e-24
-3.76087e-24
-1.11773e-24
1.33782e-26
3.01391e-25
2.55184e-25
1.40902e-25
5.50562e-26
1.11562e-26
-4.30106e-27
-6.32137e-27
-4.18472e-27
-1.91776e-27
-5.67963e-28
-7.4964e-30
1.2715e-28
1.03781e-28
5.35025e-29
1.87414e-29
2.67715e-30
-2.0972e-30
-2.2241e-30
-1.25844e-30
-4.829e-31
-9.75709e-32
2.89519e-32
4.23891e-32
2.56631e-32
1.03052e-32
2.35337e-33
-3.62924e-34
-7.36578e-34
-4.60915e-34
-1.8649e-34
-4.34662e-35
5.08198e-36
1.18567e-35
7.33222e-36
2.88016e-36
6.33302e-37
-9.19334e-38
-1.76761e-37
-1.02868e-37
-3.77164e-38
-7.13094e-39
1.80019e-39
2.39601e-39
1.25479e-39
4.10633e-40
5.63658e-41
-3.10118e-41
-2.86311e-41
-1.29941e-41
-3.57547e-42
-1.8808e-43
4.32684e-43
2.90845e-43
1.10329e-43
2.2938e-44
-2.48762e-45
-4.75588e-45
-2.41497e-45
-7.28066e-46
-8.31356e-47
5.20092e-47
4.04173e-47
1.56394e-47
3.36062e-48
-1.74267e-49
-5.2134e-49
-2.58572e-49
-7.3489e-50
-7.37645e-51
4.94006e-51
3.4295e-51
1.18637e-51
2.10879e-52
-2.7393e-53
-3.70148e-53
-1.5279e-53
-3.49408e-54
-7.77528e-56
3.25246e-55
1.61962e-55
4.32928e-56
4.11807e-57
-2.30008e-57
-1.43438e-57
-4.28774e-58
-5.88573e-59
1.26879e-59
1.06761e-59
3.47683e-60
5.69377e-61
-4.93461e-62
-6.64174e-62
-2.3219e-62
-4.24647e-63
5.41756e-65
3.34259e-64
1.2761e-64
2.64689e-65
1.53819e-66
-1.21906e-66
-6.01734e-67
-1.63255e-67
-2.45463e-68
2.52e-69
3.32109e-69
1.26067e-69
2.33856e-70
-2.36841e-71
-3.22782e-71
-1.02219e-71
-7.1619e-73
7.09711e-73
3.11369e-73
3.81933e-74
-1.60404e-74
-8.45658e-75
-1.16117e-75
3.87932e-76
2.10213e-76
2.6757e-77
-9.73902e-78
-4.69422e-78
-4.50818e-79
2.43248e-79
9.15703e-80
3.40934e-81
-5.73294e-81
-1.42141e-81
1.09121e-82
1.11935e-82
1.16016e-83
-4.98409e-84
-1.32638e-84
1.14529e-85
7.91364e-86
1.28823e-87
-3.40193e-87
-2.35851e-88
1.15385e-88
1.02869e-89
-3.12288e-90
-1.89195e-91
5.29314e-92
-4.31144e-93
1.06405e-93
3.63961e-94
-1.5187e-94
-2.08974e-96
6.96774e-96
-7.78766e-97
-1.1971e-97
3.87545e-98
-2.98441e-99
-3.55056e-100
1.20583e-100
-1.66679e-101
1.52085e-102
-1.01889e-103
5.22408e-105
-2.08835e-106
6.55708e-108
-1.61802e-109
3.12411e-111
-4.68007e-113
5.37222e-115
-4.64679e-117
2.96243e-119
-1.35143e-121
4.23456e-124
-8.59107e-127
1.03295e-129
-6.40877e-133
1.59495e-136
-1.16306e-140
0
0
0
0
0
0
0
0
0
0
0
0
0
0
0
0
0
0
0
0
0
0
0
0
0
0
0
0
0
0
0
0
0
0
0
0
